s 1 37
s 2 48
s 3 43
s 4 33
s 5 84
s 6 27
s 7 6
s 8 25
s 9 22
s 10 72
s 11 65
s 12 65
s 13 87
s 14 69
s 15 70
s 16 52
s 17 50
s 18 32
s 19 25
1 2 40
1 3 79
1 4 59
1 5 38
1 6 7
1 7 93
1 8 59
1 9 99
1 10 23
1 11 7
1 12 95
1 13 97
1 14 91
1 15 21
1 16 77
1 17 85
1 18 83
1 19 98
2 1 40
2 3 40
2 4 61
2 5 31
2 6 54
2 7 62
2 8 49
2 9 65
2 10 95
2 11 30
2 12 8
2 13 95
2 14 17
2 15 38
2 16 36
2 17 72
2 18 55
2 19 91
3 1 79
3 2 40
3 4 27
3 5 14
3 6 20
3 7 82
3 8 99
3 9 49
3 10 59
3 11 43
3 12 88
3 13 29
3 14 39
3 15 93
3 16 77
3 17 42
3 18 56
3 19 44
4 1 59
4 2 61
4 3 27
4 5 78
4 6 65
4 7 43
4 8 87
4 9 13
4 10 62
4 11 84
4 12 46
4 13 49
4 14 80
4 15 90
4 16 97
4 17 55
4 18 62
4 19 16
5 1 38
5 2 31
5 3 14
5 4 78
5 6 52
5 7 68
5 8 100
5 9 44
5 10 79
5 11 40
5 12 58
5 13 5
5 14 81
5 15 48
5 16 54
5 17 14
5 18 68
5 19 41
6 1 7
6 2 54
6 3 20
6 4 65
6 5 52
6 7 72
6 8 9
6 9 75
6 10 44
6 11 67
6 12 10
6 13 56
6 14 74
6 15 28
6 16 73
6 17 91
6 18 85
6 19 74
7 1 93
7 2 62
7 3 82
7 4 43
7 5 68
7 6 72
7 8 67
7 9 53
7 10 40
7 11 14
7 12 46
7 13 11
7 14 84
7 15 12
7 16 23
7 17 53
7 18 73
7 19 87
8 1 59
8 2 49
8 3 99
8 4 87
8 5 100
8 6 9
8 7 67
8 9 58
8 10 86
8 11 93
8 12 42
8 13 29
8 14 6
8 15 92
8 16 19
8 17 42
8 18 10
8 19 44
9 1 99
9 2 65
9 3 49
9 4 13
9 5 44
9 6 75
9 7 53
9 8 58
9 10 74
9 11 39
9 12 69
9 13 27
9 14 63
9 15 51
9 16 8
9 17 39
9 18 50
9 19 95
10 1 23
10 2 95
10 3 59
10 4 62
10 5 79
10 6 44
10 7 40
10 8 86
10 9 74
10 11 6
10 12 74
10 13 28
10 14 70
10 15 67
10 16 96
10 17 43
10 18 74
10 19 42
11 1 7
11 2 30
11 3 43
11 4 84
11 5 40
11 6 67
11 7 14
11 8 93
11 9 39
11 10 6
11 12 23
11 13 10
11 14 77
11 15 60
11 16 18
11 17 30
11 18 74
11 19 70
12 1 95
12 2 8
12 3 88
12 4 46
12 5 58
12 6 10
12 7 46
12 8 42
12 9 69
12 10 74
12 11 23
12 13 58
12 14 13
12 15 46
12 16 44
12 17 33
12 18 26
12 19 21
13 1 97
13 2 95
13 3 29
13 4 49
13 5 5
13 6 56
13 7 11
13 8 29
13 9 27
13 10 28
13 11 10
13 12 58
13 14 98
13 15 20
13 16 11
13 17 5
13 18 58
13 19 28
14 1 91
14 2 17
14 3 39
14 4 80
14 5 81
14 6 74
14 7 84
14 8 6
14 9 63
14 10 70
14 11 77
14 12 13
14 13 98
14 15 12
14 16 97
14 17 55
14 18 17
14 19 76
15 1 21
15 2 38
15 3 93
15 4 90
15 5 48
15 6 28
15 7 12
15 8 92
15 9 51
15 10 67
15 11 60
15 12 46
15 13 20
15 14 12
15 16 11
15 17 64
15 18 28
15 19 100
16 1 77
16 2 36
16 3 77
16 4 97
16 5 54
16 6 73
16 7 23
16 8 19
16 9 8
16 10 96
16 11 18
16 12 44
16 13 11
16 14 97
16 15 11
16 17 90
16 18 16
16 19 39
17 1 85
17 2 72
17 3 42
17 4 55
17 5 14
17 6 91
17 7 53
17 8 42
17 9 39
17 10 43
17 11 30
17 12 33
17 13 5
17 14 55
17 15 64
17 16 90
17 18 56
17 19 83
18 1 83
18 2 55
18 3 56
18 4 62
18 5 68
18 6 85
18 7 73
18 8 10
18 9 50
18 10 74
18 11 74
18 12 26
18 13 58
18 14 17
18 15 28
18 16 16
18 17 56
18 19 10
1 t 98
2 t 91
3 t 44
4 t 16
5 t 41
6 t 74
7 t 87
8 t 44
9 t 95
10 t 42
11 t 70
12 t 21
13 t 28
14 t 76
15 t 100
16 t 39
17 t 83
18 t 10
