s 1 10
s 2 67
s 3 26
s 4 12
s 5 23
s 6 66
s 7 16
s 8 93
s 9 80
s 10 57
s 11 60
s 12 58
s 13 67
s 14 82
s 15 26
s 16 55
s 17 18
s 18 71
s 19 61
s 20 13
s 21 58
s 22 53
s 23 58
s 24 5
s 25 80
s 26 25
s 27 96
s 28 64
s 29 71
1 2 42
1 3 70
1 4 97
1 5 15
1 6 18
1 7 61
1 8 87
1 9 55
1 10 10
1 11 37
1 12 42
1 13 19
1 14 17
1 15 27
1 16 97
1 17 56
1 18 41
1 19 47
1 20 14
1 21 100
1 22 47
1 23 51
1 24 55
1 25 60
1 26 21
1 27 48
1 28 98
1 29 77
2 1 42
2 3 93
2 4 83
2 5 28
2 6 51
2 7 20
2 8 37
2 9 6
2 10 24
2 11 40
2 12 88
2 13 28
2 14 20
2 15 8
2 16 60
2 17 99
2 18 19
2 19 87
2 20 82
2 21 15
2 22 52
2 23 76
2 24 56
2 25 78
2 26 45
2 27 40
2 28 99
2 29 52
3 1 70
3 2 93
3 4 12
3 5 85
3 6 43
3 7 100
3 8 88
3 9 88
3 10 96
3 11 24
3 12 23
3 13 19
3 14 90
3 15 14
3 16 73
3 17 58
3 18 14
3 19 15
3 20 17
3 21 47
3 22 28
3 23 28
3 24 83
3 25 28
3 26 5
3 27 55
3 28 24
3 29 77
4 1 97
4 2 83
4 3 12
4 5 91
4 6 43
4 7 15
4 8 39
4 9 16
4 10 58
4 11 79
4 12 73
4 13 48
4 14 97
4 15 55
4 16 93
4 17 75
4 18 9
4 19 86
4 20 91
4 21 74
4 22 77
4 23 6
4 24 91
4 25 35
4 26 99
4 27 50
4 28 20
4 29 40
5 1 15
5 2 28
5 3 85
5 4 91
5 6 41
5 7 25
5 8 86
5 9 57
5 10 46
5 11 43
5 12 33
5 13 90
5 14 90
5 15 16
5 16 95
5 17 95
5 18 90
5 19 8
5 20 69
5 21 35
5 22 44
5 23 77
5 24 97
5 25 24
5 26 99
5 27 20
5 28 96
5 29 25
6 1 18
6 2 51
6 3 43
6 4 43
6 5 41
6 7 55
6 8 51
6 9 63
6 10 28
6 11 45
6 12 92
6 13 76
6 14 99
6 15 63
6 16 71
6 17 89
6 18 49
6 19 39
6 20 15
6 21 59
6 22 57
6 23 77
6 24 50
6 25 69
6 26 82
6 27 75
6 28 92
6 29 92
7 1 61
7 2 20
7 3 100
7 4 15
7 5 25
7 6 55
7 8 40
7 9 57
7 10 93
7 11 23
7 12 44
7 13 25
7 14 54
7 15 22
7 16 43
7 17 65
7 18 20
7 19 91
7 20 59
7 21 33
7 22 19
7 23 9
7 24 18
7 25 16
7 26 99
7 27 23
7 28 49
7 29 88
8 1 87
8 2 37
8 3 88
8 4 39
8 5 86
8 6 51
8 7 40
8 9 40
8 10 49
8 11 30
8 12 26
8 13 59
8 14 44
8 15 15
8 16 63
8 17 46
8 18 68
8 19 34
8 20 28
8 21 77
8 22 84
8 23 74
8 24 32
8 25 64
8 26 80
8 27 99
8 28 94
8 29 45
9 1 55
9 2 6
9 3 88
9 4 16
9 5 57
9 6 63
9 7 57
9 8 40
9 10 34
9 11 71
9 12 82
9 13 58
9 14 96
9 15 57
9 16 18
9 17 80
9 18 71
9 19 62
9 20 18
9 21 91
9 22 54
9 23 43
9 24 20
9 25 14
9 26 41
9 27 90
9 28 42
9 29 67
10 1 10
10 2 24
10 3 96
10 4 58
10 5 46
10 6 28
10 7 93
10 8 49
10 9 34
10 11 15
10 12 22
10 13 41
10 14 96
10 15 75
10 16 22
10 17 44
10 18 53
10 19 36
10 20 71
10 21 34
10 22 98
10 23 41
10 24 33
10 25 21
10 26 22
10 27 5
10 28 91
10 29 56
11 1 37
11 2 40
11 3 24
11 4 79
11 5 43
11 6 45
11 7 23
11 8 30
11 9 71
11 10 15
11 12 50
11 13 26
11 14 91
11 15 44
11 16 75
11 17 30
11 18 37
11 19 47
11 20 46
11 21 79
11 22 85
11 23 65
11 24 62
11 25 83
11 26 40
11 27 20
11 28 26
11 29 48
12 1 42
12 2 88
12 3 23
12 4 73
12 5 33
12 6 92
12 7 44
12 8 26
12 9 82
12 10 22
12 11 50
12 13 20
12 14 16
12 15 26
12 16 5
12 17 57
12 18 97
12 19 55
12 20 67
12 21 15
12 22 30
12 23 10
12 24 76
12 25 94
12 26 22
12 27 76
12 28 70
12 29 12
13 1 19
13 2 28
13 3 19
13 4 48
13 5 90
13 6 76
13 7 25
13 8 59
13 9 58
13 10 41
13 11 26
13 12 20
13 14 88
13 15 61
13 16 60
13 17 16
13 18 95
13 19 97
13 20 50
13 21 6
13 22 56
13 23 100
13 24 66
13 25 28
13 26 82
13 27 30
13 28 88
13 29 41
14 1 17
14 2 20
14 3 90
14 4 97
14 5 90
14 6 99
14 7 54
14 8 44
14 9 96
14 10 96
14 11 91
14 12 16
14 13 88
14 15 33
14 16 50
14 17 6
14 18 93
14 19 79
14 20 80
14 21 69
14 22 84
14 23 64
14 24 59
14 25 9
14 26 68
14 27 64
14 28 68
14 29 95
15 1 27
15 2 8
15 3 14
15 4 55
15 5 16
15 6 63
15 7 22
15 8 15
15 9 57
15 10 75
15 11 44
15 12 26
15 13 61
15 14 33
15 16 21
15 17 75
15 18 53
15 19 5
15 20 16
15 21 24
15 22 10
15 23 38
15 24 16
15 25 35
15 26 25
15 27 18
15 28 85
15 29 22
16 1 97
16 2 60
16 3 73
16 4 93
16 5 95
16 6 71
16 7 43
16 8 63
16 9 18
16 10 22
16 11 75
16 12 5
16 13 60
16 14 50
16 15 21
16 17 18
16 18 86
16 19 56
16 20 83
16 21 66
16 22 60
16 23 57
16 24 97
16 25 18
16 26 66
16 27 52
16 28 80
16 29 76
17 1 56
17 2 99
17 3 58
17 4 75
17 5 95
17 6 89
17 7 65
17 8 46
17 9 80
17 10 44
17 11 30
17 12 57
17 13 16
17 14 6
17 15 75
17 16 18
17 18 79
17 19 82
17 20 10
17 21 61
17 22 88
17 23 27
17 24 56
17 25 22
17 26 14
17 27 9
17 28 79
17 29 44
18 1 41
18 2 19
18 3 14
18 4 9
18 5 90
18 6 49
18 7 20
18 8 68
18 9 71
18 10 53
18 11 37
18 12 97
18 13 95
18 14 93
18 15 53
18 16 86
18 17 79
18 19 97
18 20 23
18 21 85
18 22 64
18 23 85
18 24 25
18 25 52
18 26 57
18 27 31
18 28 38
18 29 25
19 1 47
19 2 87
19 3 15
19 4 86
19 5 8
19 6 39
19 7 91
19 8 34
19 9 62
19 10 36
19 11 47
19 12 55
19 13 97
19 14 79
19 15 5
19 16 56
19 17 82
19 18 97
19 20 77
19 21 92
19 22 79
19 23 73
19 24 63
19 25 46
19 26 51
19 27 66
19 28 66
19 29 84
20 1 14
20 2 82
20 3 17
20 4 91
20 5 69
20 6 15
20 7 59
20 8 28
20 9 18
20 10 71
20 11 46
20 12 67
20 13 50
20 14 80
20 15 16
20 16 83
20 17 10
20 18 23
20 19 77
20 21 11
20 22 9
20 23 59
20 24 37
20 25 65
20 26 85
20 27 68
20 28 41
20 29 30
21 1 100
21 2 15
21 3 47
21 4 74
21 5 35
21 6 59
21 7 33
21 8 77
21 9 91
21 10 34
21 11 79
21 12 15
21 13 6
21 14 69
21 15 24
21 16 66
21 17 61
21 18 85
21 19 92
21 20 11
21 22 54
21 23 77
21 24 20
21 25 96
21 26 67
21 27 62
21 28 32
21 29 42
22 1 47
22 2 52
22 3 28
22 4 77
22 5 44
22 6 57
22 7 19
22 8 84
22 9 54
22 10 98
22 11 85
22 12 30
22 13 56
22 14 84
22 15 10
22 16 60
22 17 88
22 18 64
22 19 79
22 20 9
22 21 54
22 23 32
22 24 55
22 25 69
22 26 53
22 27 72
22 28 56
22 29 56
23 1 51
23 2 76
23 3 28
23 4 6
23 5 77
23 6 77
23 7 9
23 8 74
23 9 43
23 10 41
23 11 65
23 12 10
23 13 100
23 14 64
23 15 38
23 16 57
23 17 27
23 18 85
23 19 73
23 20 59
23 21 77
23 22 32
23 24 37
23 25 93
23 26 60
23 27 94
23 28 54
23 29 41
24 1 55
24 2 56
24 3 83
24 4 91
24 5 97
24 6 50
24 7 18
24 8 32
24 9 20
24 10 33
24 11 62
24 12 76
24 13 66
24 14 59
24 15 16
24 16 97
24 17 56
24 18 25
24 19 63
24 20 37
24 21 20
24 22 55
24 23 37
24 25 32
24 26 43
24 27 21
24 28 47
24 29 34
25 1 60
25 2 78
25 3 28
25 4 35
25 5 24
25 6 69
25 7 16
25 8 64
25 9 14
25 10 21
25 11 83
25 12 94
25 13 28
25 14 9
25 15 35
25 16 18
25 17 22
25 18 52
25 19 46
25 20 65
25 21 96
25 22 69
25 23 93
25 24 32
25 26 27
25 27 43
25 28 19
25 29 36
26 1 21
26 2 45
26 3 5
26 4 99
26 5 99
26 6 82
26 7 99
26 8 80
26 9 41
26 10 22
26 11 40
26 12 22
26 13 82
26 14 68
26 15 25
26 16 66
26 17 14
26 18 57
26 19 51
26 20 85
26 21 67
26 22 53
26 23 60
26 24 43
26 25 27
26 27 11
26 28 84
26 29 99
27 1 48
27 2 40
27 3 55
27 4 50
27 5 20
27 6 75
27 7 23
27 8 99
27 9 90
27 10 5
27 11 20
27 12 76
27 13 30
27 14 64
27 15 18
27 16 52
27 17 9
27 18 31
27 19 66
27 20 68
27 21 62
27 22 72
27 23 94
27 24 21
27 25 43
27 26 11
27 28 48
27 29 85
28 1 98
28 2 99
28 3 24
28 4 20
28 5 96
28 6 92
28 7 49
28 8 94
28 9 42
28 10 91
28 11 26
28 12 70
28 13 88
28 14 68
28 15 85
28 16 80
28 17 79
28 18 38
28 19 66
28 20 41
28 21 32
28 22 56
28 23 54
28 24 47
28 25 19
28 26 84
28 27 48
28 29 78
1 t 77
2 t 52
3 t 77
4 t 40
5 t 25
6 t 92
7 t 88
8 t 45
9 t 67
10 t 56
11 t 48
12 t 12
13 t 41
14 t 95
15 t 22
16 t 76
17 t 44
18 t 25
19 t 84
20 t 30
21 t 42
22 t 56
23 t 41
24 t 34
25 t 36
26 t 99
27 t 85
28 t 78
