s 13 25
s 15 90
s 42 25
s 49 81
s 53 36
s 57 30
s 60 45
s 92 88
s 95 11
1 25 15
1 41 61
1 53 43
1 63 58
1 99 68
2 27 22
2 30 79
2 34 76
2 57 54
2 79 48
2 88 9
3 8 41
3 9 5
3 12 6
3 27 95
3 31 45
3 38 92
3 72 98
3 96 61
4 5 50
4 6 79
4 9 30
4 10 64
4 22 52
4 35 83
4 37 94
4 51 44
4 56 72
4 69 32
4 90 100
5 4 50
5 6 66
5 26 30
5 32 48
5 34 73
5 61 69
5 64 27
5 65 60
5 71 53
5 86 83
6 4 79
6 5 66
6 9 27
6 14 15
6 24 21
6 34 63
6 44 36
6 45 8
6 50 6
6 64 75
6 66 43
6 67 87
6 87 99
7 9 10
7 16 49
7 17 45
7 18 67
7 21 46
7 33 96
7 40 70
7 43 66
7 49 53
7 65 92
7 81 5
7 90 19
7 94 86
7 96 79
8 3 41
8 29 53
8 37 31
8 53 77
8 60 54
8 65 78
8 77 65
8 82 55
8 90 10
9 3 5
9 4 30
9 6 27
9 7 10
9 12 29
9 16 8
9 34 39
9 37 58
9 40 100
9 42 83
9 56 8
9 86 62
10 4 64
10 15 79
10 18 42
10 19 42
10 43 89
10 62 64
10 67 36
10 69 24
10 74 100
10 81 15
10 88 36
10 93 66
11 16 55
11 30 81
11 35 84
11 37 80
11 66 84
11 86 91
11 92 18
11 95 56
12 3 6
12 9 29
12 28 86
12 59 43
12 60 40
12 85 73
12 92 13
12 94 70
13 16 53
13 25 38
13 37 70
13 44 57
13 53 80
13 57 58
13 59 24
13 61 48
13 66 93
13 71 60
13 74 81
13 79 6
13 81 95
13 90 90
13 92 50
14 6 15
14 25 66
14 37 66
14 43 27
14 55 86
14 67 73
14 72 24
14 83 85
14 84 69
15 10 79
15 16 97
15 22 36
15 23 61
15 33 63
15 57 41
15 71 62
15 73 11
15 82 66
15 88 41
15 89 94
15 93 14
15 94 58
16 7 49
16 9 8
16 11 55
16 13 53
16 15 97
16 27 11
16 28 40
16 38 93
16 50 98
16 62 32
17 7 45
17 44 65
17 51 89
17 56 25
17 96 78
17 98 68
18 7 67
18 10 42
18 35 46
18 61 48
18 62 5
18 82 35
18 85 39
18 87 94
19 10 42
19 22 55
19 23 65
19 33 67
19 41 57
19 54 75
19 57 17
20 35 44
20 71 77
20 82 15
21 7 46
21 22 50
21 24 61
21 28 70
21 38 52
21 49 38
21 61 59
21 66 32
21 72 16
21 74 11
21 80 10
21 97 82
22 4 52
22 15 36
22 19 55
22 21 50
22 25 78
22 32 57
22 33 66
22 63 44
22 64 55
22 77 27
22 88 83
22 95 13
23 15 61
23 19 65
23 37 6
23 48 43
23 82 34
23 89 94
24 6 21
24 21 61
24 25 17
24 31 67
24 51 7
24 69 23
24 76 30
24 79 46
24 81 21
24 99 7
25 1 15
25 13 38
25 14 66
25 22 78
25 24 17
25 31 32
25 32 53
25 39 48
25 51 36
25 77 26
25 79 85
25 80 49
25 91 80
26 5 30
26 28 88
26 42 74
26 51 91
26 60 48
26 65 90
26 79 49
26 88 14
26 96 91
27 2 22
27 3 95
27 16 11
27 28 65
27 31 59
27 44 66
27 49 30
27 53 81
27 54 15
27 58 54
27 69 7
27 73 69
27 98 64
28 12 86
28 16 40
28 21 70
28 26 88
28 27 65
28 44 13
28 61 55
28 71 99
28 77 76
28 97 40
29 8 53
29 30 10
29 38 9
29 47 67
29 51 74
29 56 86
29 61 98
29 74 89
29 75 99
29 87 31
29 89 10
29 94 77
29 95 40
29 96 73
30 2 79
30 11 81
30 29 10
30 39 65
30 40 44
30 61 14
30 69 52
30 90 43
30 98 8
31 3 45
31 24 67
31 25 32
31 27 59
31 43 26
31 49 55
31 51 82
31 78 33
32 5 48
32 22 57
32 25 53
32 46 12
32 50 34
32 58 37
32 73 22
32 74 95
32 81 72
32 82 82
32 96 40
32 98 97
33 7 96
33 15 63
33 19 67
33 22 66
33 38 49
33 52 97
33 63 46
33 64 81
33 79 78
33 82 26
33 85 29
34 2 76
34 5 73
34 6 63
34 9 39
34 42 45
34 61 81
34 81 48
34 90 75
34 94 39
35 4 83
35 11 84
35 18 46
35 20 44
35 54 29
35 77 31
35 81 27
36 48 78
36 51 55
36 79 79
36 97 84
37 4 94
37 8 31
37 9 58
37 11 80
37 13 70
37 14 66
37 23 6
37 48 37
37 60 97
37 71 34
37 74 51
37 84 45
37 95 10
38 3 92
38 16 93
38 21 52
38 29 9
38 33 49
38 43 59
38 65 71
38 68 79
38 72 100
38 74 95
38 87 84
38 95 31
38 97 55
39 25 48
39 30 65
39 42 86
39 45 11
39 62 39
39 71 93
39 85 96
39 88 100
39 90 22
40 7 70
40 9 100
40 30 44
40 48 82
40 54 40
40 57 74
40 75 42
40 77 29
40 83 48
40 96 62
40 98 50
41 1 61
41 19 57
41 46 35
41 51 60
41 69 68
41 73 62
41 90 50
41 92 5
41 95 32
42 9 83
42 26 74
42 34 45
42 39 86
42 43 49
42 46 86
42 55 54
42 66 91
42 73 21
42 74 64
42 83 98
42 92 17
43 7 66
43 10 89
43 14 27
43 31 26
43 38 59
43 42 49
43 46 96
43 51 25
43 57 21
43 60 16
43 69 42
43 72 72
43 75 68
43 91 79
43 98 87
43 99 19
44 6 36
44 13 57
44 17 65
44 27 66
44 28 13
44 50 42
44 61 96
44 75 34
44 84 57
44 94 80
44 95 50
44 96 100
44 97 96
45 6 8
45 39 11
45 50 92
45 53 20
45 65 24
45 83 40
45 88 18
45 97 47
46 32 12
46 41 35
46 42 86
46 43 96
46 49 5
46 54 11
46 60 97
46 61 20
46 68 67
46 78 65
46 82 41
46 87 98
46 88 19
46 94 57
47 29 67
47 55 74
47 85 78
47 91 31
48 23 43
48 36 78
48 37 37
48 40 82
48 76 62
48 91 81
48 95 70
48 99 72
49 7 53
49 21 38
49 27 30
49 31 55
49 46 5
49 52 22
49 55 23
49 56 36
49 59 55
49 60 41
49 65 17
49 70 18
49 74 80
49 76 85
49 79 71
49 87 98
49 90 65
50 6 6
50 16 98
50 32 34
50 44 42
50 45 92
50 60 29
50 65 9
50 67 95
50 70 64
50 73 77
50 84 5
51 4 44
51 17 89
51 24 7
51 25 36
51 26 91
51 29 74
51 31 82
51 36 55
51 41 60
51 43 25
51 53 49
51 66 66
51 80 48
51 91 25
51 95 62
51 97 79
51 98 37
52 33 97
52 49 22
52 58 49
52 64 81
52 90 73
52 93 66
53 1 43
53 8 77
53 13 80
53 27 81
53 45 20
53 51 49
53 72 28
54 19 75
54 27 15
54 35 29
54 40 40
54 46 11
54 57 97
54 70 11
54 84 23
54 94 6
55 14 86
55 42 54
55 47 74
55 49 23
55 58 9
55 76 14
55 81 70
55 97 72
55 99 88
56 4 72
56 9 8
56 17 25
56 29 86
56 49 36
56 61 33
56 78 58
56 81 40
57 2 54
57 13 58
57 15 41
57 19 17
57 40 74
57 43 21
57 54 97
57 76 87
57 89 17
57 91 91
58 27 54
58 32 37
58 52 49
58 55 9
58 78 98
58 86 77
58 98 68
59 12 43
59 13 24
59 49 55
59 74 89
59 85 71
59 87 91
59 88 75
59 95 32
60 8 54
60 12 40
60 26 48
60 37 97
60 43 16
60 46 97
60 49 41
60 50 29
60 74 92
61 5 69
61 13 48
61 18 48
61 21 59
61 28 55
61 29 98
61 30 14
61 34 81
61 44 96
61 46 20
61 56 33
61 68 49
61 70 25
61 72 82
61 73 98
61 90 16
62 10 64
62 16 32
62 18 5
62 39 39
62 65 34
62 70 14
62 72 23
62 82 52
62 98 69
63 1 58
63 22 44
63 33 46
63 71 46
63 90 16
63 92 22
63 93 97
64 5 27
64 6 75
64 22 55
64 33 81
64 52 81
64 70 8
64 72 61
64 74 30
64 91 22
64 92 9
64 93 66
65 5 60
65 7 92
65 8 78
65 26 90
65 38 71
65 45 24
65 49 17
65 50 9
65 62 34
65 69 100
65 76 49
65 79 86
65 82 97
65 88 12
65 99 93
66 6 43
66 11 84
66 13 93
66 21 32
66 42 91
66 51 66
66 69 12
66 74 14
67 6 87
67 10 36
67 14 73
67 50 95
68 38 79
68 46 67
68 61 49
68 69 18
68 74 70
68 78 28
68 86 60
68 88 18
68 92 16
69 4 32
69 10 24
69 24 23
69 27 7
69 30 52
69 41 68
69 43 42
69 65 100
69 66 12
69 68 18
69 98 34
70 49 18
70 50 64
70 54 11
70 61 25
70 62 14
70 64 8
70 76 46
70 79 70
70 83 62
71 5 53
71 13 60
71 15 62
71 20 77
71 28 99
71 37 34
71 39 93
71 63 46
71 75 53
71 77 73
71 85 16
71 88 28
71 96 96
71 98 38
72 3 98
72 14 24
72 21 16
72 38 100
72 43 72
72 53 28
72 61 82
72 62 23
72 64 61
72 73 88
72 90 87
72 91 49
72 92 27
73 15 11
73 27 69
73 32 22
73 41 62
73 42 21
73 50 77
73 61 98
73 72 88
73 74 7
73 83 63
73 85 89
73 94 63
73 95 83
73 99 83
74 10 100
74 13 81
74 21 11
74 29 89
74 32 95
74 37 51
74 38 95
74 42 64
74 49 80
74 59 89
74 60 92
74 64 30
74 66 14
74 68 70
74 73 7
74 80 95
74 89 54
74 91 32
74 93 51
75 29 99
75 40 42
75 43 68
75 44 34
75 71 53
75 83 79
75 85 60
75 88 6
76 24 30
76 48 62
76 49 85
76 55 14
76 57 87
76 65 49
76 70 46
76 98 60
77 8 65
77 22 27
77 25 26
77 28 76
77 35 31
77 40 29
77 71 73
78 31 33
78 46 65
78 56 58
78 58 98
78 68 28
78 79 99
78 84 92
78 86 73
78 96 93
79 2 48
79 13 6
79 24 46
79 25 85
79 26 49
79 33 78
79 36 79
79 49 71
79 65 86
79 70 70
79 78 99
79 91 11
80 21 10
80 25 49
80 51 48
80 74 95
80 92 67
80 96 89
81 7 5
81 10 15
81 13 95
81 24 21
81 32 72
81 34 48
81 35 27
81 55 70
81 56 40
81 96 44
82 8 55
82 15 66
82 18 35
82 20 15
82 23 34
82 32 82
82 33 26
82 46 41
82 62 52
82 65 97
82 83 12
82 99 76
83 14 85
83 40 48
83 42 98
83 45 40
83 70 62
83 73 63
83 75 79
83 82 12
83 84 57
83 93 97
83 98 74
84 14 69
84 37 45
84 44 57
84 50 5
84 54 23
84 78 92
84 83 57
84 87 49
84 91 23
85 12 73
85 18 39
85 33 29
85 39 96
85 47 78
85 59 71
85 71 16
85 73 89
85 75 60
86 5 83
86 9 62
86 11 91
86 58 77
86 68 60
86 78 73
87 6 99
87 18 94
87 29 31
87 38 84
87 46 98
87 49 98
87 59 91
87 84 49
87 91 19
88 2 9
88 10 36
88 15 41
88 22 83
88 26 14
88 39 100
88 45 18
88 46 19
88 59 75
88 65 12
88 68 18
88 71 28
88 75 6
89 15 94
89 23 94
89 29 10
89 57 17
89 74 54
89 92 17
89 97 5
90 4 100
90 7 19
90 8 10
90 13 90
90 30 43
90 34 75
90 39 22
90 41 50
90 49 65
90 52 73
90 61 16
90 63 16
90 72 87
91 25 80
91 43 79
91 47 31
91 48 81
91 51 25
91 57 91
91 64 22
91 72 49
91 74 32
91 79 11
91 84 23
91 87 19
91 95 52
92 11 18
92 12 13
92 13 50
92 41 5
92 42 17
92 63 22
92 64 9
92 68 16
92 72 27
92 80 67
92 89 17
93 10 66
93 15 14
93 52 66
93 63 97
93 64 66
93 74 51
93 83 97
94 7 86
94 12 70
94 15 58
94 29 77
94 34 39
94 44 80
94 46 57
94 54 6
94 73 63
95 11 56
95 22 13
95 29 40
95 37 10
95 38 31
95 41 32
95 44 50
95 48 70
95 51 62
95 59 32
95 73 83
95 91 52
96 3 61
96 7 79
96 17 78
96 26 91
96 29 73
96 32 40
96 40 62
96 44 100
96 71 96
96 78 93
96 80 89
96 81 44
97 21 82
97 28 40
97 36 84
97 38 55
97 44 96
97 45 47
97 51 79
97 55 72
97 89 5
98 17 68
98 27 64
98 30 8
98 32 97
98 40 50
98 43 87
98 51 37
98 58 68
98 62 69
98 69 34
98 71 38
98 76 60
98 83 74
1 t 68
24 t 7
43 t 19
48 t 72
55 t 88
65 t 93
73 t 83
82 t 76
