s 1 726
s 2 715
s 3 605
s 4 942
s 5 663
s 6 953
s 7 997
s 8 852
s 9 635
s 10 611
s 11 404
s 12 630
s 13 753
s 14 626
s 15 675
s 16 991
s 17 476
s 18 902
s 19 933
s 20 670
s 21 669
s 22 632
s 23 791
s 24 969
s 25 824
s 26 972
s 27 983
s 28 652
s 29 642
s 30 784
s 31 859
s 32 411
s 33 602
s 34 634
s 35 414
s 36 431
s 37 516
s 38 796
s 39 481
s 40 513
s 41 826
s 42 799
s 43 501
s 44 467
s 45 999
s 46 512
s 47 909
s 48 519
s 49 611
s 50 904
s 51 812
s 52 637
s 53 742
s 54 1000
s 55 981
s 56 435
s 57 432
s 58 652
s 59 856
s 60 464
s 61 549
s 62 591
s 63 925
s 64 502
s 65 460
s 66 986
s 67 778
s 68 652
s 69 514
s 70 524
s 71 901
s 72 713
s 73 745
s 74 463
s 75 410
s 76 819
s 77 880
s 78 747
s 79 556
s 80 979
s 81 829
s 82 566
s 83 971
s 84 946
s 85 697
s 86 741
s 87 420
s 88 544
s 89 752
s 90 513
s 91 754
s 92 800
s 93 423
s 94 572
s 95 903
s 96 970
s 97 954
s 98 664
s 99 940
1 2 540
1 3 542
1 4 925
1 5 458
1 6 793
1 7 435
1 8 837
1 9 766
1 10 716
1 11 717
1 12 522
1 13 489
1 14 997
1 15 849
1 16 818
1 17 827
1 18 609
1 19 468
1 20 581
1 21 945
1 22 496
1 23 541
1 24 469
1 25 910
1 26 722
1 27 664
1 28 615
1 29 986
1 30 711
1 31 701
1 32 609
1 33 426
1 34 824
1 35 915
1 36 635
1 37 934
1 38 994
1 39 997
1 40 963
1 41 518
1 42 668
1 43 867
1 44 832
1 45 767
1 46 426
1 47 786
1 48 656
1 49 546
1 50 653
1 51 770
1 52 712
1 53 612
1 54 410
1 55 943
1 56 579
1 57 770
1 58 882
1 59 794
1 60 816
1 61 421
1 62 739
1 63 993
1 64 443
1 65 498
1 66 879
1 67 496
1 68 485
1 69 467
1 70 788
1 71 685
1 72 464
1 73 514
1 74 674
1 75 981
1 76 566
1 77 643
1 78 803
1 79 788
1 80 425
1 81 627
1 82 537
1 83 499
1 84 948
1 85 915
1 86 779
1 87 955
1 88 958
1 89 713
1 90 753
1 91 654
1 92 545
1 93 763
1 94 627
1 95 846
1 96 521
1 97 878
1 98 635
1 99 453
2 1 540
2 3 491
2 4 455
2 5 654
2 6 906
2 7 559
2 8 530
2 9 932
2 10 771
2 11 887
2 12 545
2 13 696
2 14 965
2 15 488
2 16 599
2 17 454
2 18 925
2 19 639
2 20 834
2 21 597
2 22 587
2 23 961
2 24 989
2 25 454
2 26 669
2 27 844
2 28 508
2 29 514
2 30 456
2 31 843
2 32 909
2 33 641
2 34 529
2 35 968
2 36 732
2 37 908
2 38 410
2 39 663
2 40 840
2 41 819
2 42 780
2 43 854
2 44 708
2 45 606
2 46 808
2 47 401
2 48 902
2 49 514
2 50 666
2 51 844
2 52 798
2 53 685
2 54 954
2 55 796
2 56 667
2 57 443
2 58 941
2 59 772
2 60 643
2 61 777
2 62 615
2 63 813
2 64 578
2 65 954
2 66 566
2 67 475
2 68 779
2 69 929
2 70 996
2 71 718
2 72 773
2 73 681
2 74 400
2 75 920
2 76 700
2 77 912
2 78 900
2 79 671
2 80 694
2 81 684
2 82 815
2 83 842
2 84 841
2 85 964
2 86 480
2 87 888
2 88 689
2 89 528
2 90 979
2 91 633
2 92 855
2 93 727
2 94 439
2 95 819
2 96 401
2 97 549
2 98 484
2 99 465
3 1 542
3 2 491
3 4 882
3 5 422
3 6 804
3 7 763
3 8 948
3 9 874
3 10 406
3 11 801
3 12 736
3 13 574
3 14 659
3 15 893
3 16 699
3 17 934
3 18 586
3 19 424
3 20 708
3 21 513
3 22 473
3 23 740
3 24 550
3 25 854
3 26 410
3 27 945
3 28 846
3 29 970
3 30 883
3 31 602
3 32 947
3 33 592
3 34 617
3 35 844
3 36 808
3 37 821
3 38 600
3 39 737
3 40 964
3 41 984
3 42 561
3 43 699
3 44 454
3 45 976
3 46 841
3 47 470
3 48 887
3 49 528
3 50 689
3 51 780
3 52 607
3 53 866
3 54 812
3 55 664
3 56 443
3 57 977
3 58 934
3 59 991
3 60 834
3 61 722
3 62 756
3 63 603
3 64 766
3 65 732
3 66 469
3 67 842
3 68 1000
3 69 587
3 70 838
3 71 508
3 72 468
3 73 489
3 74 944
3 75 752
3 76 908
3 77 774
3 78 597
3 79 913
3 80 910
3 81 626
3 82 722
3 83 487
3 84 556
3 85 786
3 86 965
3 87 566
3 88 922
3 89 436
3 90 623
3 91 983
3 92 641
3 93 938
3 94 588
3 95 469
3 96 484
3 97 960
3 98 935
3 99 981
4 1 925
4 2 455
4 3 882
4 5 964
4 6 592
4 7 775
4 8 843
4 9 584
4 10 725
4 11 974
4 12 715
4 13 868
4 14 721
4 15 640
4 16 715
4 17 617
4 18 923
4 19 596
4 20 812
4 21 883
4 22 850
4 23 839
4 24 856
4 25 656
4 26 866
4 27 583
4 28 935
4 29 840
4 30 706
4 31 803
4 32 813
4 33 849
4 34 767
4 35 628
4 36 610
4 37 599
4 38 516
4 39 644
4 40 845
4 41 660
4 42 545
4 43 739
4 44 992
4 45 693
4 46 900
4 47 818
4 48 756
4 49 959
4 50 751
4 51 667
4 52 451
4 53 843
4 54 896
4 55 531
4 56 851
4 57 849
4 58 963
4 59 986
4 60 712
4 61 785
4 62 932
4 63 941
4 64 757
4 65 528
4 66 545
4 67 863
4 68 937
4 69 695
4 70 611
4 71 544
4 72 456
4 73 653
4 74 916
4 75 799
4 76 830
4 77 418
4 78 491
4 79 531
4 80 463
4 81 766
4 82 701
4 83 951
4 84 410
4 85 418
4 86 616
4 87 911
4 88 964
4 89 691
4 90 694
4 91 933
4 92 886
4 93 813
4 94 768
4 95 779
4 96 493
4 97 600
4 98 465
4 99 736
5 1 458
5 2 654
5 3 422
5 4 964
5 6 588
5 7 911
5 8 941
5 9 980
5 10 775
5 11 887
5 12 732
5 13 417
5 14 622
5 15 699
5 16 770
5 17 702
5 18 847
5 19 806
5 20 920
5 21 578
5 22 563
5 23 672
5 24 602
5 25 575
5 26 798
5 27 805
5 28 458
5 29 992
5 30 969
5 31 427
5 32 918
5 33 973
5 34 697
5 35 727
5 36 415
5 37 822
5 38 525
5 39 850
5 40 699
5 41 578
5 42 707
5 43 906
5 44 743
5 45 746
5 46 736
5 47 637
5 48 544
5 49 438
5 50 418
5 51 839
5 52 598
5 53 624
5 54 534
5 55 777
5 56 682
5 57 438
5 58 914
5 59 795
5 60 487
5 61 788
5 62 834
5 63 411
5 64 680
5 65 682
5 66 931
5 67 478
5 68 474
5 69 604
5 70 949
5 71 438
5 72 847
5 73 756
5 74 838
5 75 538
5 76 665
5 77 903
5 78 814
5 79 855
5 80 743
5 81 871
5 82 518
5 83 411
5 84 425
5 85 478
5 86 448
5 87 777
5 88 576
5 89 766
5 90 849
5 91 898
5 92 961
5 93 963
5 94 651
5 95 714
5 96 945
5 97 896
5 98 805
5 99 967
6 1 793
6 2 906
6 3 804
6 4 592
6 5 588
6 7 856
6 8 604
6 9 546
6 10 903
6 11 1000
6 12 796
6 13 404
6 14 684
6 15 513
6 16 418
6 17 912
6 18 518
6 19 778
6 20 591
6 21 607
6 22 520
6 23 760
6 24 809
6 25 889
6 26 437
6 27 910
6 28 892
6 29 831
6 30 776
6 31 738
6 32 571
6 33 837
6 34 501
6 35 539
6 36 455
6 37 570
6 38 728
6 39 634
6 40 776
6 41 714
6 42 663
6 43 752
6 44 552
6 45 525
6 46 914
6 47 466
6 48 406
6 49 991
6 50 423
6 51 987
6 52 880
6 53 947
6 54 417
6 55 405
6 56 865
6 57 998
6 58 563
6 59 865
6 60 918
6 61 883
6 62 732
6 63 601
6 64 528
6 65 818
6 66 723
6 67 975
6 68 427
6 69 460
6 70 604
6 71 895
6 72 464
6 73 778
6 74 987
6 75 758
6 76 756
6 77 854
6 78 827
6 79 674
6 80 859
6 81 643
6 82 672
6 83 645
6 84 739
6 85 977
6 86 683
6 87 860
6 88 826
6 89 743
6 90 584
6 91 470
6 92 525
6 93 486
6 94 445
6 95 878
6 96 744
6 97 465
6 98 429
6 99 873
7 1 435
7 2 559
7 3 763
7 4 775
7 5 911
7 6 856
7 8 946
7 9 756
7 10 941
7 11 938
7 12 632
7 13 778
7 14 841
7 15 956
7 16 842
7 17 875
7 18 859
7 19 681
7 20 538
7 21 568
7 22 898
7 23 540
7 24 835
7 25 574
7 26 913
7 27 996
7 28 781
7 29 768
7 30 976
7 31 805
7 32 862
7 33 931
7 34 611
7 35 609
7 36 788
7 37 888
7 38 711
7 39 811
7 40 857
7 41 594
7 42 431
7 43 532
7 44 579
7 45 787
7 46 591
7 47 492
7 48 953
7 49 784
7 50 702
7 51 716
7 52 724
7 53 818
7 54 957
7 55 709
7 56 454
7 57 912
7 58 922
7 59 480
7 60 536
7 61 404
7 62 912
7 63 409
7 64 686
7 65 772
7 66 449
7 67 761
7 68 910
7 69 875
7 70 934
7 71 849
7 72 664
7 73 677
7 74 507
7 75 468
7 76 661
7 77 743
7 78 797
7 79 652
7 80 733
7 81 442
7 82 822
7 83 644
7 84 736
7 85 983
7 86 985
7 87 932
7 88 442
7 89 414
7 90 505
7 91 491
7 92 853
7 93 839
7 94 843
7 95 778
7 96 611
7 97 609
7 98 897
7 99 768
8 1 837
8 2 530
8 3 948
8 4 843
8 5 941
8 6 604
8 7 946
8 9 832
8 10 975
8 11 421
8 12 709
8 13 654
8 14 821
8 15 544
8 16 680
8 17 908
8 18 604
8 19 479
8 20 541
8 21 435
8 22 881
8 23 411
8 24 432
8 25 732
8 26 840
8 27 522
8 28 657
8 29 865
8 30 715
8 31 664
8 32 620
8 33 925
8 34 608
8 35 842
8 36 835
8 37 504
8 38 460
8 39 870
8 40 927
8 41 738
8 42 895
8 43 807
8 44 471
8 45 599
8 46 459
8 47 760
8 48 586
8 49 785
8 50 868
8 51 499
8 52 820
8 53 966
8 54 665
8 55 772
8 56 895
8 57 483
8 58 984
8 59 641
8 60 826
8 61 407
8 62 831
8 63 837
8 64 425
8 65 735
8 66 429
8 67 977
8 68 908
8 69 743
8 70 718
8 71 962
8 72 577
8 73 536
8 74 798
8 75 877
8 76 718
8 77 443
8 78 446
8 79 539
8 80 553
8 81 487
8 82 909
8 83 815
8 84 868
8 85 687
8 86 736
8 87 921
8 88 720
8 89 682
8 90 724
8 91 434
8 92 772
8 93 640
8 94 429
8 95 590
8 96 511
8 97 410
8 98 704
8 99 759
9 1 766
9 2 932
9 3 874
9 4 584
9 5 980
9 6 546
9 7 756
9 8 832
9 10 731
9 11 622
9 12 904
9 13 510
9 14 903
9 15 585
9 16 659
9 17 828
9 18 841
9 19 478
9 20 690
9 21 568
9 22 829
9 23 803
9 24 461
9 25 698
9 26 899
9 27 820
9 28 927
9 29 430
9 30 562
9 31 827
9 32 970
9 33 578
9 34 589
9 35 848
9 36 815
9 37 410
9 38 629
9 39 503
9 40 805
9 41 933
9 42 431
9 43 604
9 44 528
9 45 540
9 46 744
9 47 713
9 48 501
9 49 733
9 50 808
9 51 721
9 52 951
9 53 736
9 54 866
9 55 652
9 56 603
9 57 988
9 58 499
9 59 719
9 60 477
9 61 768
9 62 478
9 63 845
9 64 922
9 65 405
9 66 884
9 67 626
9 68 495
9 69 989
9 70 734
9 71 797
9 72 991
9 73 536
9 74 423
9 75 938
9 76 963
9 77 651
9 78 504
9 79 898
9 80 725
9 81 581
9 82 701
9 83 796
9 84 608
9 85 782
9 86 799
9 87 891
9 88 991
9 89 766
9 90 990
9 91 954
9 92 569
9 93 439
9 94 635
9 95 429
9 96 459
9 97 669
9 98 849
9 99 644
10 1 716
10 2 771
10 3 406
10 4 725
10 5 775
10 6 903
10 7 941
10 8 975
10 9 731
10 11 603
10 12 496
10 13 521
10 14 402
10 15 573
10 16 703
10 17 907
10 18 646
10 19 737
10 20 707
10 21 836
10 22 413
10 23 609
10 24 974
10 25 908
10 26 584
10 27 575
10 28 562
10 29 497
10 30 629
10 31 823
10 32 434
10 33 450
10 34 412
10 35 835
10 36 684
10 37 700
10 38 431
10 39 971
10 40 433
10 41 487
10 42 614
10 43 537
10 44 941
10 45 629
10 46 620
10 47 419
10 48 809
10 49 511
10 50 485
10 51 597
10 52 635
10 53 507
10 54 466
10 55 611
10 56 710
10 57 541
10 58 589
10 59 732
10 60 746
10 61 904
10 62 660
10 63 651
10 64 729
10 65 743
10 66 851
10 67 648
10 68 733
10 69 431
10 70 653
10 71 442
10 72 873
10 73 621
10 74 841
10 75 639
10 76 980
10 77 825
10 78 821
10 79 918
10 80 761
10 81 747
10 82 732
10 83 848
10 84 454
10 85 618
10 86 899
10 87 541
10 88 884
10 89 658
10 90 752
10 91 499
10 92 798
10 93 475
10 94 939
10 95 961
10 96 642
10 97 510
10 98 890
10 99 519
11 1 717
11 2 887
11 3 801
11 4 974
11 5 887
11 6 1000
11 7 938
11 8 421
11 9 622
11 10 603
11 12 478
11 13 606
11 14 817
11 15 553
11 16 725
11 17 476
11 18 987
11 19 506
11 20 970
11 21 501
11 22 718
11 23 895
11 24 775
11 25 504
11 26 550
11 27 975
11 28 455
11 29 507
11 30 752
11 31 546
11 32 624
11 33 508
11 34 764
11 35 606
11 36 499
11 37 606
11 38 571
11 39 769
11 40 680
11 41 544
11 42 521
11 43 644
11 44 410
11 45 705
11 46 731
11 47 751
11 48 949
11 49 700
11 50 615
11 51 503
11 52 770
11 53 821
11 54 649
11 55 651
11 56 855
11 57 586
11 58 985
11 59 708
11 60 705
11 61 481
11 62 921
11 63 994
11 64 602
11 65 831
11 66 586
11 67 986
11 68 789
11 69 862
11 70 868
11 71 431
11 72 783
11 73 531
11 74 559
11 75 990
11 76 952
11 77 978
11 78 910
11 79 989
11 80 967
11 81 475
11 82 932
11 83 912
11 84 803
11 85 520
11 86 765
11 87 869
11 88 791
11 89 760
11 90 592
11 91 424
11 92 983
11 93 438
11 94 611
11 95 512
11 96 909
11 97 600
11 98 831
11 99 602
12 1 522
12 2 545
12 3 736
12 4 715
12 5 732
12 6 796
12 7 632
12 8 709
12 9 904
12 10 496
12 11 478
12 13 919
12 14 526
12 15 957
12 16 612
12 17 416
12 18 499
12 19 915
12 20 852
12 21 563
12 22 754
12 23 925
12 24 860
12 25 803
12 26 708
12 27 716
12 28 515
12 29 475
12 30 886
12 31 570
12 32 458
12 33 490
12 34 740
12 35 979
12 36 918
12 37 859
12 38 918
12 39 597
12 40 435
12 41 848
12 42 690
12 43 767
12 44 945
12 45 873
12 46 572
12 47 659
12 48 928
12 49 828
12 50 870
12 51 473
12 52 416
12 53 879
12 54 515
12 55 600
12 56 918
12 57 596
12 58 608
12 59 658
12 60 933
12 61 913
12 62 646
12 63 929
12 64 876
12 65 614
12 66 455
12 67 773
12 68 507
12 69 712
12 70 906
12 71 809
12 72 945
12 73 559
12 74 491
12 75 745
12 76 776
12 77 622
12 78 873
12 79 471
12 80 550
12 81 840
12 82 703
12 83 760
12 84 729
12 85 955
12 86 955
12 87 603
12 88 675
12 89 990
12 90 879
12 91 406
12 92 481
12 93 784
12 94 591
12 95 782
12 96 892
12 97 818
12 98 514
12 99 493
13 1 489
13 2 696
13 3 574
13 4 868
13 5 417
13 6 404
13 7 778
13 8 654
13 9 510
13 10 521
13 11 606
13 12 919
13 14 991
13 15 905
13 16 931
13 17 769
13 18 651
13 19 483
13 20 606
13 21 469
13 22 430
13 23 806
13 24 637
13 25 537
13 26 756
13 27 624
13 28 963
13 29 913
13 30 730
13 31 840
13 32 405
13 33 432
13 34 962
13 35 852
13 36 471
13 37 433
13 38 542
13 39 444
13 40 819
13 41 898
13 42 436
13 43 801
13 44 601
13 45 526
13 46 867
13 47 756
13 48 906
13 49 504
13 50 893
13 51 529
13 52 961
13 53 987
13 54 679
13 55 618
13 56 557
13 57 802
13 58 430
13 59 557
13 60 479
13 61 642
13 62 910
13 63 760
13 64 439
13 65 981
13 66 512
13 67 409
13 68 435
13 69 459
13 70 793
13 71 975
13 72 462
13 73 443
13 74 743
13 75 696
13 76 623
13 77 473
13 78 933
13 79 879
13 80 821
13 81 465
13 82 866
13 83 445
13 84 778
13 85 583
13 86 497
13 87 978
13 88 705
13 89 530
13 90 658
13 91 637
13 92 593
13 93 589
13 94 756
13 95 747
13 96 581
13 97 428
13 98 444
13 99 620
14 1 997
14 2 965
14 3 659
14 4 721
14 5 622
14 6 684
14 7 841
14 8 821
14 9 903
14 10 402
14 11 817
14 12 526
14 13 991
14 15 1000
14 16 712
14 17 457
14 18 866
14 19 640
14 20 592
14 21 757
14 22 603
14 23 778
14 24 859
14 25 943
14 26 837
14 27 977
14 28 857
14 29 813
14 30 552
14 31 596
14 32 991
14 33 931
14 34 958
14 35 671
14 36 561
14 37 650
14 38 511
14 39 951
14 40 790
14 41 603
14 42 685
14 43 928
14 44 872
14 45 714
14 46 444
14 47 409
14 48 674
14 49 697
14 50 993
14 51 859
14 52 444
14 53 557
14 54 791
14 55 632
14 56 750
14 57 720
14 58 988
14 59 821
14 60 895
14 61 920
14 62 737
14 63 657
14 64 563
14 65 697
14 66 654
14 67 413
14 68 404
14 69 586
14 70 908
14 71 448
14 72 933
14 73 901
14 74 924
14 75 464
14 76 586
14 77 752
14 78 761
14 79 536
14 80 858
14 81 563
14 82 583
14 83 480
14 84 612
14 85 718
14 86 531
14 87 539
14 88 941
14 89 661
14 90 427
14 91 533
14 92 624
14 93 561
14 94 981
14 95 409
14 96 652
14 97 597
14 98 841
14 99 977
15 1 849
15 2 488
15 3 893
15 4 640
15 5 699
15 6 513
15 7 956
15 8 544
15 9 585
15 10 573
15 11 553
15 12 957
15 13 905
15 14 1000
15 16 508
15 17 630
15 18 418
15 19 621
15 20 793
15 21 554
15 22 986
15 23 511
15 24 555
15 25 652
15 26 698
15 27 699
15 28 755
15 29 880
15 30 933
15 31 893
15 32 480
15 33 980
15 34 426
15 35 524
15 36 967
15 37 690
15 38 648
15 39 436
15 40 523
15 41 699
15 42 628
15 43 665
15 44 993
15 45 927
15 46 425
15 47 401
15 48 916
15 49 815
15 50 652
15 51 614
15 52 931
15 53 517
15 54 520
15 55 981
15 56 400
15 57 612
15 58 746
15 59 603
15 60 914
15 61 492
15 62 705
15 63 993
15 64 513
15 65 955
15 66 412
15 67 766
15 68 907
15 69 952
15 70 518
15 71 484
15 72 594
15 73 893
15 74 629
15 75 510
15 76 777
15 77 592
15 78 891
15 79 864
15 80 983
15 81 835
15 82 555
15 83 468
15 84 895
15 85 416
15 86 713
15 87 844
15 88 946
15 89 804
15 90 690
15 91 673
15 92 952
15 93 633
15 94 604
15 95 599
15 96 723
15 97 743
15 98 703
15 99 765
16 1 818
16 2 599
16 3 699
16 4 715
16 5 770
16 6 418
16 7 842
16 8 680
16 9 659
16 10 703
16 11 725
16 12 612
16 13 931
16 14 712
16 15 508
16 17 926
16 18 857
16 19 705
16 20 528
16 21 446
16 22 687
16 23 772
16 24 834
16 25 526
16 26 917
16 27 502
16 28 432
16 29 580
16 30 486
16 31 720
16 32 689
16 33 636
16 34 627
16 35 574
16 36 464
16 37 466
16 38 490
16 39 868
16 40 532
16 41 963
16 42 615
16 43 477
16 44 436
16 45 429
16 46 424
16 47 998
16 48 828
16 49 753
16 50 900
16 51 403
16 52 915
16 53 752
16 54 734
16 55 813
16 56 928
16 57 508
16 58 622
16 59 948
16 60 414
16 61 645
16 62 836
16 63 443
16 64 820
16 65 666
16 66 630
16 67 946
16 68 955
16 69 761
16 70 557
16 71 627
16 72 650
16 73 565
16 74 751
16 75 795
16 76 507
16 77 724
16 78 473
16 79 722
16 80 713
16 81 696
16 82 948
16 83 442
16 84 818
16 85 573
16 86 799
16 87 969
16 88 628
16 89 440
16 90 912
16 91 776
16 92 975
16 93 879
16 94 896
16 95 743
16 96 990
16 97 452
16 98 443
16 99 446
17 1 827
17 2 454
17 3 934
17 4 617
17 5 702
17 6 912
17 7 875
17 8 908
17 9 828
17 10 907
17 11 476
17 12 416
17 13 769
17 14 457
17 15 630
17 16 926
17 18 721
17 19 770
17 20 455
17 21 516
17 22 543
17 23 584
17 24 1000
17 25 558
17 26 506
17 27 768
17 28 953
17 29 641
17 30 984
17 31 578
17 32 693
17 33 932
17 34 667
17 35 803
17 36 950
17 37 794
17 38 811
17 39 529
17 40 559
17 41 673
17 42 605
17 43 670
17 44 696
17 45 665
17 46 669
17 47 808
17 48 591
17 49 940
17 50 828
17 51 523
17 52 669
17 53 474
17 54 676
17 55 746
17 56 985
17 57 729
17 58 631
17 59 518
17 60 903
17 61 796
17 62 795
17 63 511
17 64 868
17 65 971
17 66 733
17 67 485
17 68 992
17 69 574
17 70 961
17 71 797
17 72 779
17 73 688
17 74 693
17 75 813
17 76 793
17 77 829
17 78 838
17 79 665
17 80 401
17 81 655
17 82 495
17 83 450
17 84 983
17 85 962
17 86 669
17 87 867
17 88 545
17 89 814
17 90 625
17 91 481
17 92 996
17 93 537
17 94 717
17 95 492
17 96 795
17 97 662
17 98 936
17 99 659
18 1 609
18 2 925
18 3 586
18 4 923
18 5 847
18 6 518
18 7 859
18 8 604
18 9 841
18 10 646
18 11 987
18 12 499
18 13 651
18 14 866
18 15 418
18 16 857
18 17 721
18 19 956
18 20 657
18 21 615
18 22 458
18 23 608
18 24 411
18 25 519
18 26 523
18 27 779
18 28 976
18 29 867
18 30 973
18 31 527
18 32 665
18 33 822
18 34 837
18 35 779
18 36 819
18 37 704
18 38 564
18 39 976
18 40 824
18 41 413
18 42 504
18 43 893
18 44 787
18 45 668
18 46 719
18 47 918
18 48 918
18 49 620
18 50 450
18 51 732
18 52 784
18 53 766
18 54 624
18 55 811
18 56 520
18 57 804
18 58 401
18 59 897
18 60 696
18 61 522
18 62 695
18 63 451
18 64 605
18 65 558
18 66 461
18 67 720
18 68 722
18 69 462
18 70 680
18 71 520
18 72 886
18 73 993
18 74 997
18 75 750
18 76 918
18 77 747
18 78 512
18 79 599
18 80 688
18 81 739
18 82 445
18 83 654
18 84 538
18 85 919
18 86 560
18 87 725
18 88 712
18 89 860
18 90 726
18 91 785
18 92 897
18 93 470
18 94 958
18 95 427
18 96 457
18 97 500
18 98 889
18 99 547
19 1 468
19 2 639
19 3 424
19 4 596
19 5 806
19 6 778
19 7 681
19 8 479
19 9 478
19 10 737
19 11 506
19 12 915
19 13 483
19 14 640
19 15 621
19 16 705
19 17 770
19 18 956
19 20 710
19 21 729
19 22 653
19 23 809
19 24 797
19 25 878
19 26 844
19 27 703
19 28 413
19 29 700
19 30 516
19 31 554
19 32 405
19 33 877
19 34 735
19 35 688
19 36 651
19 37 657
19 38 997
19 39 905
19 40 510
19 41 864
19 42 928
19 43 987
19 44 520
19 45 410
19 46 744
19 47 849
19 48 732
19 49 553
19 50 897
19 51 546
19 52 716
19 53 438
19 54 993
19 55 817
19 56 509
19 57 512
19 58 633
19 59 657
19 60 708
19 61 551
19 62 627
19 63 701
19 64 895
19 65 483
19 66 492
19 67 960
19 68 660
19 69 658
19 70 827
19 71 748
19 72 828
19 73 663
19 74 914
19 75 799
19 76 917
19 77 814
19 78 620
19 79 742
19 80 783
19 81 613
19 82 740
19 83 547
19 84 956
19 85 750
19 86 777
19 87 527
19 88 976
19 89 941
19 90 962
19 91 772
19 92 464
19 93 696
19 94 988
19 95 633
19 96 507
19 97 477
19 98 974
19 99 444
20 1 581
20 2 834
20 3 708
20 4 812
20 5 920
20 6 591
20 7 538
20 8 541
20 9 690
20 10 707
20 11 970
20 12 852
20 13 606
20 14 592
20 15 793
20 16 528
20 17 455
20 18 657
20 19 710
20 21 541
20 22 600
20 23 836
20 24 887
20 25 560
20 26 668
20 27 756
20 28 897
20 29 825
20 30 695
20 31 796
20 32 948
20 33 859
20 34 574
20 35 424
20 36 830
20 37 991
20 38 935
20 39 987
20 40 811
20 41 833
20 42 561
20 43 651
20 44 983
20 45 827
20 46 468
20 47 723
20 48 720
20 49 803
20 50 400
20 51 578
20 52 494
20 53 785
20 54 498
20 55 405
20 56 513
20 57 922
20 58 841
20 59 922
20 60 611
20 61 589
20 62 980
20 63 690
20 64 686
20 65 654
20 66 952
20 67 553
20 68 776
20 69 923
20 70 588
20 71 970
20 72 901
20 73 845
20 74 665
20 75 464
20 76 621
20 77 513
20 78 816
20 79 814
20 80 614
20 81 972
20 82 531
20 83 844
20 84 427
20 85 796
20 86 672
20 87 550
20 88 920
20 89 931
20 90 516
20 91 797
20 92 976
20 93 454
20 94 598
20 95 431
20 96 757
20 97 829
20 98 514
20 99 443
21 1 945
21 2 597
21 3 513
21 4 883
21 5 578
21 6 607
21 7 568
21 8 435
21 9 568
21 10 836
21 11 501
21 12 563
21 13 469
21 14 757
21 15 554
21 16 446
21 17 516
21 18 615
21 19 729
21 20 541
21 22 433
21 23 722
21 24 645
21 25 791
21 26 886
21 27 957
21 28 933
21 29 835
21 30 604
21 31 683
21 32 578
21 33 967
21 34 471
21 35 1000
21 36 548
21 37 807
21 38 944
21 39 751
21 40 846
21 41 565
21 42 619
21 43 944
21 44 731
21 45 736
21 46 730
21 47 903
21 48 696
21 49 599
21 50 837
21 51 902
21 52 582
21 53 896
21 54 763
21 55 686
21 56 764
21 57 869
21 58 637
21 59 458
21 60 671
21 61 661
21 62 931
21 63 668
21 64 739
21 65 479
21 66 433
21 67 461
21 68 441
21 69 535
21 70 785
21 71 615
21 72 627
21 73 620
21 74 729
21 75 910
21 76 709
21 77 756
21 78 458
21 79 473
21 80 684
21 81 612
21 82 771
21 83 465
21 84 881
21 85 946
21 86 898
21 87 565
21 88 535
21 89 850
21 90 452
21 91 446
21 92 761
21 93 961
21 94 609
21 95 563
21 96 722
21 97 405
21 98 956
21 99 896
22 1 496
22 2 587
22 3 473
22 4 850
22 5 563
22 6 520
22 7 898
22 8 881
22 9 829
22 10 413
22 11 718
22 12 754
22 13 430
22 14 603
22 15 986
22 16 687
22 17 543
22 18 458
22 19 653
22 20 600
22 21 433
22 23 950
22 24 504
22 25 848
22 26 908
22 27 796
22 28 562
22 29 705
22 30 400
22 31 860
22 32 672
22 33 757
22 34 676
22 35 767
22 36 522
22 37 738
22 38 754
22 39 451
22 40 948
22 41 924
22 42 971
22 43 670
22 44 960
22 45 469
22 46 811
22 47 966
22 48 454
22 49 607
22 50 459
22 51 994
22 52 942
22 53 738
22 54 572
22 55 640
22 56 735
22 57 467
22 58 952
22 59 560
22 60 528
22 61 703
22 62 927
22 63 522
22 64 439
22 65 679
22 66 787
22 67 700
22 68 646
22 69 490
22 70 590
22 71 909
22 72 846
22 73 536
22 74 888
22 75 861
22 76 812
22 77 490
22 78 958
22 79 592
22 80 964
22 81 735
22 82 774
22 83 675
22 84 665
22 85 492
22 86 564
22 87 550
22 88 452
22 89 804
22 90 408
22 91 946
22 92 979
22 93 790
22 94 936
22 95 751
22 96 972
22 97 747
22 98 826
22 99 887
23 1 541
23 2 961
23 3 740
23 4 839
23 5 672
23 6 760
23 7 540
23 8 411
23 9 803
23 10 609
23 11 895
23 12 925
23 13 806
23 14 778
23 15 511
23 16 772
23 17 584
23 18 608
23 19 809
23 20 836
23 21 722
23 22 950
23 24 444
23 25 930
23 26 738
23 27 520
23 28 903
23 29 581
23 30 553
23 31 751
23 32 674
23 33 932
23 34 417
23 35 834
23 36 836
23 37 782
23 38 904
23 39 576
23 40 803
23 41 931
23 42 980
23 43 700
23 44 853
23 45 755
23 46 893
23 47 851
23 48 851
23 49 957
23 50 556
23 51 678
23 52 768
23 53 821
23 54 402
23 55 910
23 56 669
23 57 755
23 58 710
23 59 806
23 60 546
23 61 713
23 62 428
23 63 655
23 64 659
23 65 889
23 66 636
23 67 593
23 68 761
23 69 604
23 70 850
23 71 801
23 72 790
23 73 553
23 74 415
23 75 996
23 76 554
23 77 690
23 78 739
23 79 667
23 80 949
23 81 653
23 82 727
23 83 767
23 84 529
23 85 817
23 86 939
23 87 545
23 88 557
23 89 457
23 90 769
23 91 751
23 92 673
23 93 995
23 94 562
23 95 922
23 96 859
23 97 858
23 98 997
23 99 850
24 1 469
24 2 989
24 3 550
24 4 856
24 5 602
24 6 809
24 7 835
24 8 432
24 9 461
24 10 974
24 11 775
24 12 860
24 13 637
24 14 859
24 15 555
24 16 834
24 17 1000
24 18 411
24 19 797
24 20 887
24 21 645
24 22 504
24 23 444
24 25 652
24 26 682
24 27 607
24 28 517
24 29 758
24 30 899
24 31 617
24 32 907
24 33 579
24 34 446
24 35 660
24 36 902
24 37 740
24 38 669
24 39 572
24 40 414
24 41 655
24 42 621
24 43 685
24 44 853
24 45 665
24 46 965
24 47 408
24 48 904
24 49 686
24 50 855
24 51 620
24 52 915
24 53 509
24 54 407
24 55 472
24 56 723
24 57 924
24 58 650
24 59 742
24 60 451
24 61 560
24 62 980
24 63 805
24 64 560
24 65 428
24 66 956
24 67 728
24 68 484
24 69 739
24 70 665
24 71 567
24 72 683
24 73 817
24 74 827
24 75 422
24 76 566
24 77 704
24 78 927
24 79 744
24 80 462
24 81 582
24 82 758
24 83 909
24 84 758
24 85 524
24 86 404
24 87 409
24 88 937
24 89 559
24 90 875
24 91 803
24 92 653
24 93 859
24 94 631
24 95 914
24 96 880
24 97 745
24 98 659
24 99 953
25 1 910
25 2 454
25 3 854
25 4 656
25 5 575
25 6 889
25 7 574
25 8 732
25 9 698
25 10 908
25 11 504
25 12 803
25 13 537
25 14 943
25 15 652
25 16 526
25 17 558
25 18 519
25 19 878
25 20 560
25 21 791
25 22 848
25 23 930
25 24 652
25 26 470
25 27 796
25 28 841
25 29 508
25 30 718
25 31 434
25 32 892
25 33 787
25 34 834
25 35 891
25 36 436
25 37 445
25 38 931
25 39 819
25 40 872
25 41 553
25 42 578
25 43 839
25 44 720
25 45 919
25 46 844
25 47 669
25 48 853
25 49 783
25 50 459
25 51 900
25 52 596
25 53 665
25 54 895
25 55 984
25 56 546
25 57 423
25 58 507
25 59 458
25 60 862
25 61 704
25 62 519
25 63 822
25 64 656
25 65 861
25 66 503
25 67 809
25 68 721
25 69 661
25 70 545
25 71 520
25 72 534
25 73 438
25 74 702
25 75 669
25 76 803
25 77 910
25 78 930
25 79 681
25 80 647
25 81 952
25 82 952
25 83 795
25 84 780
25 85 832
25 86 692
25 87 638
25 88 799
25 89 446
25 90 969
25 91 651
25 92 596
25 93 647
25 94 635
25 95 528
25 96 792
25 97 586
25 98 715
25 99 871
26 1 722
26 2 669
26 3 410
26 4 866
26 5 798
26 6 437
26 7 913
26 8 840
26 9 899
26 10 584
26 11 550
26 12 708
26 13 756
26 14 837
26 15 698
26 16 917
26 17 506
26 18 523
26 19 844
26 20 668
26 21 886
26 22 908
26 23 738
26 24 682
26 25 470
26 27 804
26 28 867
26 29 938
26 30 595
26 31 557
26 32 736
26 33 561
26 34 981
26 35 614
26 36 726
26 37 857
26 38 488
26 39 501
26 40 985
26 41 839
26 42 837
26 43 459
26 44 610
26 45 771
26 46 978
26 47 776
26 48 873
26 49 979
26 50 748
26 51 628
26 52 407
26 53 525
26 54 936
26 55 611
26 56 523
26 57 945
26 58 477
26 59 482
26 60 858
26 61 795
26 62 730
26 63 953
26 64 636
26 65 948
26 66 930
26 67 444
26 68 911
26 69 815
26 70 784
26 71 875
26 72 488
26 73 802
26 74 854
26 75 574
26 76 846
26 77 887
26 78 501
26 79 870
26 80 580
26 81 954
26 82 926
26 83 923
26 84 592
26 85 601
26 86 831
26 87 777
26 88 444
26 89 710
26 90 859
26 91 802
26 92 587
26 93 599
26 94 933
26 95 432
26 96 418
26 97 560
26 98 522
26 99 796
27 1 664
27 2 844
27 3 945
27 4 583
27 5 805
27 6 910
27 7 996
27 8 522
27 9 820
27 10 575
27 11 975
27 12 716
27 13 624
27 14 977
27 15 699
27 16 502
27 17 768
27 18 779
27 19 703
27 20 756
27 21 957
27 22 796
27 23 520
27 24 607
27 25 796
27 26 804
27 28 697
27 29 718
27 30 585
27 31 844
27 32 559
27 33 782
27 34 469
27 35 899
27 36 882
27 37 673
27 38 549
27 39 600
27 40 447
27 41 868
27 42 600
27 43 998
27 44 584
27 45 446
27 46 551
27 47 530
27 48 418
27 49 401
27 50 473
27 51 899
27 52 682
27 53 894
27 54 449
27 55 706
27 56 434
27 57 599
27 58 506
27 59 691
27 60 740
27 61 657
27 62 517
27 63 899
27 64 648
27 65 914
27 66 779
27 67 874
27 68 754
27 69 535
27 70 819
27 71 601
27 72 876
27 73 673
27 74 999
27 75 657
27 76 946
27 77 714
27 78 934
27 79 573
27 80 700
27 81 742
27 82 738
27 83 627
27 84 742
27 85 708
27 86 499
27 87 643
27 88 856
27 89 843
27 90 961
27 91 655
27 92 471
27 93 735
27 94 596
27 95 865
27 96 723
27 97 913
27 98 428
27 99 943
28 1 615
28 2 508
28 3 846
28 4 935
28 5 458
28 6 892
28 7 781
28 8 657
28 9 927
28 10 562
28 11 455
28 12 515
28 13 963
28 14 857
28 15 755
28 16 432
28 17 953
28 18 976
28 19 413
28 20 897
28 21 933
28 22 562
28 23 903
28 24 517
28 25 841
28 26 867
28 27 697
28 29 408
28 30 782
28 31 487
28 32 935
28 33 780
28 34 596
28 35 670
28 36 423
28 37 642
28 38 954
28 39 621
28 40 540
28 41 573
28 42 859
28 43 479
28 44 953
28 45 716
28 46 842
28 47 757
28 48 546
28 49 866
28 50 943
28 51 906
28 52 789
28 53 977
28 54 872
28 55 689
28 56 566
28 57 908
28 58 811
28 59 695
28 60 473
28 61 966
28 62 564
28 63 514
28 64 714
28 65 427
28 66 781
28 67 774
28 68 858
28 69 610
28 70 574
28 71 767
28 72 635
28 73 451
28 74 798
28 75 570
28 76 578
28 77 919
28 78 773
28 79 793
28 80 446
28 81 796
28 82 698
28 83 876
28 84 442
28 85 699
28 86 883
28 87 458
28 88 765
28 89 994
28 90 465
28 91 951
28 92 572
28 93 718
28 94 793
28 95 591
28 96 492
28 97 854
28 98 729
28 99 596
29 1 986
29 2 514
29 3 970
29 4 840
29 5 992
29 6 831
29 7 768
29 8 865
29 9 430
29 10 497
29 11 507
29 12 475
29 13 913
29 14 813
29 15 880
29 16 580
29 17 641
29 18 867
29 19 700
29 20 825
29 21 835
29 22 705
29 23 581
29 24 758
29 25 508
29 26 938
29 27 718
29 28 408
29 30 924
29 31 814
29 32 538
29 33 842
29 34 952
29 35 782
29 36 565
29 37 739
29 38 409
29 39 535
29 40 423
29 41 689
29 42 687
29 43 854
29 44 694
29 45 452
29 46 972
29 47 905
29 48 513
29 49 803
29 50 874
29 51 998
29 52 913
29 53 446
29 54 769
29 55 543
29 56 523
29 57 526
29 58 566
29 59 465
29 60 851
29 61 980
29 62 440
29 63 742
29 64 512
29 65 568
29 66 472
29 67 551
29 68 797
29 69 725
29 70 486
29 71 841
29 72 477
29 73 986
29 74 732
29 75 720
29 76 471
29 77 491
29 78 528
29 79 616
29 80 410
29 81 448
29 82 989
29 83 861
29 84 964
29 85 430
29 86 938
29 87 450
29 88 462
29 89 985
29 90 991
29 91 633
29 92 587
29 93 475
29 94 826
29 95 437
29 96 836
29 97 764
29 98 899
29 99 609
30 1 711
30 2 456
30 3 883
30 4 706
30 5 969
30 6 776
30 7 976
30 8 715
30 9 562
30 10 629
30 11 752
30 12 886
30 13 730
30 14 552
30 15 933
30 16 486
30 17 984
30 18 973
30 19 516
30 20 695
30 21 604
30 22 400
30 23 553
30 24 899
30 25 718
30 26 595
30 27 585
30 28 782
30 29 924
30 31 595
30 32 450
30 33 499
30 34 425
30 35 897
30 36 931
30 37 754
30 38 758
30 39 972
30 40 980
30 41 556
30 42 681
30 43 792
30 44 549
30 45 444
30 46 819
30 47 409
30 48 521
30 49 763
30 50 573
30 51 459
30 52 784
30 53 647
30 54 728
30 55 654
30 56 545
30 57 898
30 58 763
30 59 537
30 60 898
30 61 548
30 62 435
30 63 905
30 64 947
30 65 469
30 66 858
30 67 724
30 68 759
30 69 481
30 70 611
30 71 688
30 72 989
30 73 617
30 74 975
30 75 915
30 76 661
30 77 996
30 78 692
30 79 495
30 80 590
30 81 703
30 82 473
30 83 999
30 84 893
30 85 646
30 86 735
30 87 513
30 88 898
30 89 532
30 90 794
30 91 765
30 92 891
30 93 412
30 94 930
30 95 569
30 96 441
30 97 693
30 98 719
30 99 612
31 1 701
31 2 843
31 3 602
31 4 803
31 5 427
31 6 738
31 7 805
31 8 664
31 9 827
31 10 823
31 11 546
31 12 570
31 13 840
31 14 596
31 15 893
31 16 720
31 17 578
31 18 527
31 19 554
31 20 796
31 21 683
31 22 860
31 23 751
31 24 617
31 25 434
31 26 557
31 27 844
31 28 487
31 29 814
31 30 595
31 32 635
31 33 442
31 34 530
31 35 513
31 36 578
31 37 923
31 38 417
31 39 783
31 40 870
31 41 656
31 42 565
31 43 547
31 44 533
31 45 977
31 46 465
31 47 872
31 48 746
31 49 511
31 50 470
31 51 719
31 52 465
31 53 581
31 54 414
31 55 865
31 56 584
31 57 507
31 58 610
31 59 963
31 60 511
31 61 745
31 62 730
31 63 512
31 64 932
31 65 590
31 66 775
31 67 668
31 68 728
31 69 644
31 70 514
31 71 510
31 72 826
31 73 658
31 74 687
31 75 642
31 76 949
31 77 624
31 78 510
31 79 781
31 80 461
31 81 457
31 82 760
31 83 801
31 84 637
31 85 759
31 86 952
31 87 877
31 88 886
31 89 421
31 90 457
31 91 960
31 92 745
31 93 707
31 94 421
31 95 809
31 96 606
31 97 952
31 98 962
31 99 809
32 1 609
32 2 909
32 3 947
32 4 813
32 5 918
32 6 571
32 7 862
32 8 620
32 9 970
32 10 434
32 11 624
32 12 458
32 13 405
32 14 991
32 15 480
32 16 689
32 17 693
32 18 665
32 19 405
32 20 948
32 21 578
32 22 672
32 23 674
32 24 907
32 25 892
32 26 736
32 27 559
32 28 935
32 29 538
32 30 450
32 31 635
32 33 788
32 34 800
32 35 922
32 36 716
32 37 472
32 38 637
32 39 758
32 40 761
32 41 651
32 42 411
32 43 885
32 44 669
32 45 951
32 46 923
32 47 876
32 48 705
32 49 772
32 50 521
32 51 663
32 52 623
32 53 753
32 54 639
32 55 774
32 56 520
32 57 993
32 58 455
32 59 935
32 60 825
32 61 859
32 62 824
32 63 846
32 64 688
32 65 721
32 66 810
32 67 662
32 68 542
32 69 418
32 70 929
32 71 995
32 72 629
32 73 684
32 74 999
32 75 964
32 76 700
32 77 634
32 78 738
32 79 640
32 80 767
32 81 595
32 82 754
32 83 761
32 84 995
32 85 823
32 86 588
32 87 598
32 88 447
32 89 882
32 90 628
32 91 556
32 92 657
32 93 559
32 94 939
32 95 602
32 96 967
32 97 924
32 98 538
32 99 953
33 1 426
33 2 641
33 3 592
33 4 849
33 5 973
33 6 837
33 7 931
33 8 925
33 9 578
33 10 450
33 11 508
33 12 490
33 13 432
33 14 931
33 15 980
33 16 636
33 17 932
33 18 822
33 19 877
33 20 859
33 21 967
33 22 757
33 23 932
33 24 579
33 25 787
33 26 561
33 27 782
33 28 780
33 29 842
33 30 499
33 31 442
33 32 788
33 34 527
33 35 717
33 36 558
33 37 635
33 38 920
33 39 718
33 40 430
33 41 526
33 42 635
33 43 567
33 44 744
33 45 947
33 46 915
33 47 668
33 48 926
33 49 800
33 50 490
33 51 557
33 52 671
33 53 887
33 54 881
33 55 701
33 56 992
33 57 436
33 58 938
33 59 416
33 60 801
33 61 892
33 62 753
33 63 408
33 64 459
33 65 641
33 66 793
33 67 906
33 68 533
33 69 671
33 70 904
33 71 524
33 72 744
33 73 692
33 74 658
33 75 681
33 76 916
33 77 828
33 78 524
33 79 930
33 80 829
33 81 617
33 82 528
33 83 977
33 84 484
33 85 916
33 86 883
33 87 746
33 88 551
33 89 640
33 90 691
33 91 728
33 92 474
33 93 859
33 94 793
33 95 819
33 96 681
33 97 714
33 98 559
33 99 916
34 1 824
34 2 529
34 3 617
34 4 767
34 5 697
34 6 501
34 7 611
34 8 608
34 9 589
34 10 412
34 11 764
34 12 740
34 13 962
34 14 958
34 15 426
34 16 627
34 17 667
34 18 837
34 19 735
34 20 574
34 21 471
34 22 676
34 23 417
34 24 446
34 25 834
34 26 981
34 27 469
34 28 596
34 29 952
34 30 425
34 31 530
34 32 800
34 33 527
34 35 709
34 36 842
34 37 744
34 38 505
34 39 424
34 40 718
34 41 814
34 42 799
34 43 855
34 44 422
34 45 913
34 46 739
34 47 456
34 48 894
34 49 834
34 50 767
34 51 469
34 52 712
34 53 907
34 54 513
34 55 931
34 56 878
34 57 726
34 58 439
34 59 927
34 60 735
34 61 731
34 62 514
34 63 737
34 64 466
34 65 955
34 66 775
34 67 548
34 68 472
34 69 791
34 70 591
34 71 474
34 72 751
34 73 406
34 74 633
34 75 615
34 76 740
34 77 559
34 78 955
34 79 739
34 80 602
34 81 687
34 82 640
34 83 584
34 84 432
34 85 508
34 86 473
34 87 890
34 88 802
34 89 697
34 90 699
34 91 538
34 92 582
34 93 433
34 94 516
34 95 425
34 96 614
34 97 968
34 98 643
34 99 519
35 1 915
35 2 968
35 3 844
35 4 628
35 5 727
35 6 539
35 7 609
35 8 842
35 9 848
35 10 835
35 11 606
35 12 979
35 13 852
35 14 671
35 15 524
35 16 574
35 17 803
35 18 779
35 19 688
35 20 424
35 21 1000
35 22 767
35 23 834
35 24 660
35 25 891
35 26 614
35 27 899
35 28 670
35 29 782
35 30 897
35 31 513
35 32 922
35 33 717
35 34 709
35 36 455
35 37 505
35 38 951
35 39 649
35 40 872
35 41 880
35 42 668
35 43 533
35 44 652
35 45 411
35 46 599
35 47 686
35 48 877
35 49 839
35 50 664
35 51 926
35 52 855
35 53 835
35 54 997
35 55 584
35 56 995
35 57 766
35 58 750
35 59 409
35 60 484
35 61 964
35 62 716
35 63 970
35 64 420
35 65 538
35 66 783
35 67 660
35 68 650
35 69 689
35 70 784
35 71 820
35 72 658
35 73 610
35 74 704
35 75 887
35 76 967
35 77 536
35 78 843
35 79 915
35 80 434
35 81 626
35 82 669
35 83 621
35 84 998
35 85 906
35 86 734
35 87 560
35 88 401
35 89 962
35 90 860
35 91 880
35 92 627
35 93 826
35 94 739
35 95 683
35 96 405
35 97 842
35 98 529
35 99 511
36 1 635
36 2 732
36 3 808
36 4 610
36 5 415
36 6 455
36 7 788
36 8 835
36 9 815
36 10 684
36 11 499
36 12 918
36 13 471
36 14 561
36 15 967
36 16 464
36 17 950
36 18 819
36 19 651
36 20 830
36 21 548
36 22 522
36 23 836
36 24 902
36 25 436
36 26 726
36 27 882
36 28 423
36 29 565
36 30 931
36 31 578
36 32 716
36 33 558
36 34 842
36 35 455
36 37 757
36 38 408
36 39 755
36 40 930
36 41 587
36 42 556
36 43 831
36 44 808
36 45 924
36 46 510
36 47 532
36 48 455
36 49 822
36 50 759
36 51 597
36 52 831
36 53 407
36 54 506
36 55 529
36 56 957
36 57 836
36 58 660
36 59 539
36 60 884
36 61 686
36 62 948
36 63 667
36 64 627
36 65 881
36 66 984
36 67 840
36 68 830
36 69 588
36 70 635
36 71 860
36 72 671
36 73 494
36 74 979
36 75 442
36 76 413
36 77 962
36 78 902
36 79 683
36 80 471
36 81 886
36 82 420
36 83 804
36 84 875
36 85 953
36 86 532
36 87 641
36 88 523
36 89 404
36 90 538
36 91 710
36 92 835
36 93 523
36 94 497
36 95 972
36 96 637
36 97 953
36 98 985
36 99 679
37 1 934
37 2 908
37 3 821
37 4 599
37 5 822
37 6 570
37 7 888
37 8 504
37 9 410
37 10 700
37 11 606
37 12 859
37 13 433
37 14 650
37 15 690
37 16 466
37 17 794
37 18 704
37 19 657
37 20 991
37 21 807
37 22 738
37 23 782
37 24 740
37 25 445
37 26 857
37 27 673
37 28 642
37 29 739
37 30 754
37 31 923
37 32 472
37 33 635
37 34 744
37 35 505
37 36 757
37 38 503
37 39 765
37 40 976
37 41 734
37 42 615
37 43 477
37 44 806
37 45 753
37 46 419
37 47 846
37 48 950
37 49 490
37 50 860
37 51 656
37 52 665
37 53 578
37 54 663
37 55 958
37 56 818
37 57 545
37 58 682
37 59 737
37 60 624
37 61 911
37 62 530
37 63 829
37 64 795
37 65 957
37 66 598
37 67 436
37 68 859
37 69 623
37 70 936
37 71 479
37 72 797
37 73 915
37 74 992
37 75 631
37 76 984
37 77 774
37 78 822
37 79 680
37 80 729
37 81 499
37 82 830
37 83 986
37 84 712
37 85 795
37 86 875
37 87 663
37 88 599
37 89 881
37 90 694
37 91 484
37 92 993
37 93 831
37 94 668
37 95 476
37 96 856
37 97 530
37 98 712
37 99 425
38 1 994
38 2 410
38 3 600
38 4 516
38 5 525
38 6 728
38 7 711
38 8 460
38 9 629
38 10 431
38 11 571
38 12 918
38 13 542
38 14 511
38 15 648
38 16 490
38 17 811
38 18 564
38 19 997
38 20 935
38 21 944
38 22 754
38 23 904
38 24 669
38 25 931
38 26 488
38 27 549
38 28 954
38 29 409
38 30 758
38 31 417
38 32 637
38 33 920
38 34 505
38 35 951
38 36 408
38 37 503
38 39 739
38 40 967
38 41 518
38 42 789
38 43 474
38 44 645
38 45 415
38 46 508
38 47 903
38 48 689
38 49 923
38 50 655
38 51 591
38 52 984
38 53 431
38 54 885
38 55 477
38 56 873
38 57 546
38 58 661
38 59 469
38 60 938
38 61 471
38 62 856
38 63 948
38 64 769
38 65 673
38 66 788
38 67 955
38 68 520
38 69 924
38 70 873
38 71 941
38 72 882
38 73 798
38 74 612
38 75 671
38 76 705
38 77 567
38 78 500
38 79 670
38 80 722
38 81 644
38 82 634
38 83 623
38 84 798
38 85 670
38 86 667
38 87 857
38 88 802
38 89 682
38 90 683
38 91 595
38 92 522
38 93 959
38 94 510
38 95 693
38 96 757
38 97 681
38 98 408
38 99 960
39 1 997
39 2 663
39 3 737
39 4 644
39 5 850
39 6 634
39 7 811
39 8 870
39 9 503
39 10 971
39 11 769
39 12 597
39 13 444
39 14 951
39 15 436
39 16 868
39 17 529
39 18 976
39 19 905
39 20 987
39 21 751
39 22 451
39 23 576
39 24 572
39 25 819
39 26 501
39 27 600
39 28 621
39 29 535
39 30 972
39 31 783
39 32 758
39 33 718
39 34 424
39 35 649
39 36 755
39 37 765
39 38 739
39 40 814
39 41 624
39 42 901
39 43 978
39 44 555
39 45 753
39 46 776
39 47 667
39 48 443
39 49 618
39 50 513
39 51 443
39 52 471
39 53 557
39 54 541
39 55 638
39 56 908
39 57 946
39 58 661
39 59 872
39 60 767
39 61 559
39 62 944
39 63 759
39 64 880
39 65 811
39 66 434
39 67 520
39 68 985
39 69 664
39 70 440
39 71 553
39 72 549
39 73 966
39 74 861
39 75 992
39 76 699
39 77 509
39 78 679
39 79 957
39 80 411
39 81 643
39 82 899
39 83 743
39 84 427
39 85 692
39 86 568
39 87 923
39 88 942
39 89 913
39 90 592
39 91 401
39 92 763
39 93 826
39 94 458
39 95 942
39 96 585
39 97 586
39 98 619
39 99 543
40 1 963
40 2 840
40 3 964
40 4 845
40 5 699
40 6 776
40 7 857
40 8 927
40 9 805
40 10 433
40 11 680
40 12 435
40 13 819
40 14 790
40 15 523
40 16 532
40 17 559
40 18 824
40 19 510
40 20 811
40 21 846
40 22 948
40 23 803
40 24 414
40 25 872
40 26 985
40 27 447
40 28 540
40 29 423
40 30 980
40 31 870
40 32 761
40 33 430
40 34 718
40 35 872
40 36 930
40 37 976
40 38 967
40 39 814
40 41 702
40 42 812
40 43 851
40 44 762
40 45 844
40 46 787
40 47 579
40 48 461
40 49 818
40 50 941
40 51 700
40 52 799
40 53 802
40 54 745
40 55 901
40 56 585
40 57 671
40 58 450
40 59 535
40 60 732
40 61 799
40 62 580
40 63 876
40 64 876
40 65 982
40 66 518
40 67 692
40 68 564
40 69 454
40 70 722
40 71 777
40 72 458
40 73 440
40 74 840
40 75 473
40 76 426
40 77 474
40 78 642
40 79 971
40 80 731
40 81 630
40 82 651
40 83 749
40 84 557
40 85 407
40 86 451
40 87 804
40 88 631
40 89 681
40 90 896
40 91 807
40 92 644
40 93 424
40 94 670
40 95 980
40 96 796
40 97 773
40 98 996
40 99 657
41 1 518
41 2 819
41 3 984
41 4 660
41 5 578
41 6 714
41 7 594
41 8 738
41 9 933
41 10 487
41 11 544
41 12 848
41 13 898
41 14 603
41 15 699
41 16 963
41 17 673
41 18 413
41 19 864
41 20 833
41 21 565
41 22 924
41 23 931
41 24 655
41 25 553
41 26 839
41 27 868
41 28 573
41 29 689
41 30 556
41 31 656
41 32 651
41 33 526
41 34 814
41 35 880
41 36 587
41 37 734
41 38 518
41 39 624
41 40 702
41 42 606
41 43 534
41 44 439
41 45 842
41 46 889
41 47 749
41 48 760
41 49 887
41 50 453
41 51 498
41 52 532
41 53 952
41 54 568
41 55 620
41 56 924
41 57 687
41 58 724
41 59 736
41 60 738
41 61 545
41 62 502
41 63 495
41 64 838
41 65 409
41 66 558
41 67 635
41 68 482
41 69 873
41 70 953
41 71 540
41 72 515
41 73 904
41 74 851
41 75 711
41 76 550
41 77 466
41 78 484
41 79 722
41 80 504
41 81 615
41 82 957
41 83 576
41 84 634
41 85 463
41 86 570
41 87 913
41 88 703
41 89 624
41 90 780
41 91 724
41 92 549
41 93 759
41 94 915
41 95 861
41 96 521
41 97 643
41 98 927
41 99 657
42 1 668
42 2 780
42 3 561
42 4 545
42 5 707
42 6 663
42 7 431
42 8 895
42 9 431
42 10 614
42 11 521
42 12 690
42 13 436
42 14 685
42 15 628
42 16 615
42 17 605
