s 1 570
s 2 937
s 3 331
s 4 424
s 5 792
s 6 839
s 7 486
s 8 402
s 9 917
s 10 668
s 11 692
s 12 720
s 13 433
s 14 940
s 15 739
s 16 930
s 17 938
s 18 611
s 19 305
s 20 979
s 21 932
s 22 404
s 23 898
s 24 554
s 25 608
s 26 840
s 27 410
s 28 384
s 29 487
s 30 523
s 31 919
s 32 374
s 33 366
s 34 698
s 35 794
s 36 633
s 37 894
s 38 999
s 39 303
s 40 602
s 41 723
s 42 687
s 43 375
s 44 675
s 45 704
s 46 755
s 47 400
s 48 728
s 49 810
s 50 499
s 51 399
s 52 703
s 53 500
s 54 432
s 55 547
s 56 311
s 57 955
s 58 340
s 59 724
s 60 416
s 61 729
s 62 380
s 63 508
s 64 642
s 65 476
s 66 763
s 67 309
s 68 603
s 69 471
s 70 422
s 71 662
s 72 979
s 73 644
s 74 397
s 75 851
s 76 542
s 77 954
s 78 844
s 79 970
s 80 572
s 81 400
s 82 573
s 83 605
s 84 874
s 85 784
s 86 509
s 87 873
s 88 498
s 89 897
s 90 903
s 91 560
s 92 597
s 93 591
s 94 757
s 95 679
s 96 541
s 97 606
s 98 827
s 99 358
1 2 451
1 3 620
1 4 833
1 5 361
1 6 376
1 7 554
1 8 323
1 9 407
1 10 406
1 11 752
1 12 995
1 13 565
1 14 371
1 15 476
1 16 500
1 17 762
1 18 614
1 19 373
1 20 572
1 21 964
1 22 318
1 23 720
1 24 648
1 25 830
1 26 820
1 27 926
1 28 931
1 29 851
1 30 634
1 31 768
1 32 462
1 33 711
1 34 489
1 35 622
1 36 544
1 37 393
1 38 530
1 39 686
1 40 687
1 41 762
1 42 492
1 43 840
1 44 663
1 45 1000
1 46 889
1 47 997
1 48 475
1 49 442
1 50 723
1 51 573
1 52 487
1 53 718
1 54 568
1 55 398
1 56 803
1 57 430
1 58 470
1 59 522
1 60 943
1 61 814
1 62 756
1 63 883
1 64 381
1 65 358
1 66 454
1 67 609
1 68 396
1 69 559
1 70 954
1 71 381
1 72 547
1 73 370
1 74 597
1 75 684
1 76 501
1 77 408
1 78 833
1 79 552
1 80 302
1 81 568
1 82 519
1 83 313
1 84 407
1 85 601
1 86 750
1 87 399
1 88 799
1 89 445
1 90 391
1 91 554
1 92 539
1 93 415
1 94 702
1 95 477
1 96 335
1 97 910
1 98 405
1 99 917
2 1 451
2 3 981
2 4 903
2 5 897
2 6 961
2 7 998
2 8 396
2 9 518
2 10 966
2 11 651
2 12 904
2 13 693
2 14 997
2 15 865
2 16 990
2 17 957
2 18 427
2 19 676
2 20 766
2 21 404
2 22 359
2 23 361
2 24 485
2 25 449
2 26 412
2 27 942
2 28 327
2 29 435
2 30 728
2 31 652
2 32 765
2 33 880
2 34 569
2 35 748
2 36 591
2 37 828
2 38 676
2 39 606
2 40 915
2 41 589
2 42 519
2 43 339
2 44 680
2 45 785
2 46 760
2 47 454
2 48 502
2 49 745
2 50 938
2 51 565
2 52 840
2 53 857
2 54 368
2 55 921
2 56 792
2 57 653
2 58 692
2 59 778
2 60 949
2 61 466
2 62 905
2 63 392
2 64 622
2 65 973
2 66 542
2 67 806
2 68 682
2 69 483
2 70 947
2 71 949
2 72 541
2 73 719
2 74 830
2 75 777
2 76 968
2 77 712
2 78 836
2 79 803
2 80 824
2 81 705
2 82 951
2 83 698
2 84 513
2 85 755
2 86 901
2 87 431
2 88 728
2 89 456
2 90 782
2 91 689
2 92 339
2 93 537
2 94 933
2 95 612
2 96 758
2 97 767
2 98 578
2 99 312
3 1 620
3 2 981
3 4 775
3 5 352
3 6 844
3 7 400
3 8 304
3 9 940
3 10 966
3 11 552
3 12 487
3 13 875
3 14 723
3 15 740
3 16 354
3 17 493
3 18 876
3 19 462
3 20 981
3 21 347
3 22 436
3 23 464
3 24 640
3 25 436
3 26 903
3 27 737
3 28 392
3 29 977
3 30 615
3 31 693
3 32 640
3 33 342
3 34 713
3 35 568
3 36 771
3 37 953
3 38 805
3 39 531
3 40 852
3 41 390
3 42 518
3 43 507
3 44 696
3 45 844
3 46 563
3 47 403
3 48 345
3 49 301
3 50 379
3 51 962
3 52 878
3 53 668
3 54 962
3 55 631
3 56 816
3 57 874
3 58 990
3 59 606
3 60 891
3 61 662
3 62 756
3 63 466
3 64 423
3 65 332
3 66 666
3 67 323
3 68 659
3 69 397
3 70 436
3 71 301
3 72 736
3 73 967
3 74 519
3 75 889
3 76 371
3 77 934
3 78 480
3 79 455
3 80 976
3 81 808
3 82 827
3 83 461
3 84 772
3 85 376
3 86 532
3 87 798
3 88 886
3 89 728
3 90 571
3 91 306
3 92 751
3 93 943
3 94 389
3 95 311
3 96 405
3 97 449
3 98 914
3 99 442
4 1 833
4 2 903
4 3 775
4 5 580
4 6 859
4 7 941
4 8 453
4 9 537
4 10 596
4 11 402
4 12 432
4 13 806
4 14 421
4 15 621
4 16 692
4 17 610
4 18 936
4 19 591
4 20 620
4 21 519
4 22 516
4 23 309
4 24 896
4 25 996
4 26 977
4 27 499
4 28 742
4 29 688
4 30 948
4 31 558
4 32 451
4 33 709
4 34 805
4 35 815
4 36 944
4 37 600
4 38 532
4 39 684
4 40 567
4 41 1000
4 42 743
4 43 805
4 44 748
4 45 669
4 46 417
4 47 555
4 48 898
4 49 973
4 50 798
4 51 985
4 52 536
4 53 674
4 54 510
4 55 704
4 56 521
4 57 447
4 58 597
4 59 502
4 60 369
4 61 520
4 62 858
4 63 875
4 64 797
4 65 758
4 66 366
4 67 627
4 68 797
4 69 403
4 70 502
4 71 655
4 72 458
4 73 696
4 74 804
4 75 798
4 76 330
4 77 869
4 78 409
4 79 900
4 80 574
4 81 830
4 82 414
4 83 438
4 84 673
4 85 746
4 86 963
4 87 442
4 88 698
4 89 319
4 90 875
4 91 679
4 92 624
4 93 821
4 94 416
4 95 369
4 96 976
4 97 655
4 98 776
4 99 694
5 1 361
5 2 897
5 3 352
5 4 580
5 6 440
5 7 634
5 8 680
5 9 431
5 10 724
5 11 670
5 12 538
5 13 719
5 14 689
5 15 695
5 16 502
5 17 799
5 18 775
5 19 502
5 20 987
5 21 880
5 22 697
5 23 796
5 24 909
5 25 896
5 26 639
5 27 471
5 28 781
5 29 504
5 30 569
5 31 370
5 32 889
5 33 494
5 34 672
5 35 902
5 36 659
5 37 850
5 38 381
5 39 828
5 40 837
5 41 827
5 42 343
5 43 721
5 44 604
5 45 587
5 46 876
5 47 930
5 48 778
5 49 785
5 50 991
5 51 907
5 52 545
5 53 333
5 54 908
5 55 351
5 56 709
5 57 327
5 58 337
5 59 467
5 60 560
5 61 792
5 62 534
5 63 516
5 64 713
5 65 817
5 66 511
5 67 991
5 68 489
5 69 910
5 70 494
5 71 974
5 72 916
5 73 962
5 74 822
5 75 917
5 76 972
5 77 986
5 78 528
5 79 929
5 80 989
5 81 371
5 82 644
5 83 801
5 84 555
5 85 850
5 86 385
5 87 547
5 88 434
5 89 863
5 90 323
5 91 430
5 92 874
5 93 832
5 94 933
5 95 972
5 96 824
5 97 369
5 98 972
5 99 822
6 1 376
6 2 961
6 3 844
6 4 859
6 5 440
6 7 333
6 8 840
6 9 648
6 10 718
6 11 367
6 12 722
6 13 932
6 14 890
6 15 872
6 16 341
6 17 866
6 18 394
6 19 858
6 20 341
6 21 515
6 22 426
6 23 885
6 24 509
6 25 640
6 26 546
6 27 977
6 28 602
6 29 425
6 30 787
6 31 769
6 32 934
6 33 742
6 34 939
6 35 753
6 36 436
6 37 906
6 38 411
6 39 617
6 40 966
6 41 562
6 42 618
6 43 573
6 44 624
6 45 900
6 46 370
6 47 673
6 48 962
6 49 430
6 50 950
6 51 847
6 52 934
6 53 979
6 54 708
6 55 368
6 56 978
6 57 567
6 58 576
6 59 373
6 60 731
6 61 425
6 62 725
6 63 948
6 64 557
6 65 888
6 66 886
6 67 736
6 68 392
6 69 695
6 70 622
6 71 806
6 72 997
6 73 768
6 74 694
6 75 325
6 76 882
6 77 982
6 78 318
6 79 666
6 80 978
6 81 583
6 82 792
6 83 420
6 84 863
6 85 870
6 86 520
6 87 608
6 88 852
6 89 520
6 90 757
6 91 422
6 92 799
6 93 812
6 94 507
6 95 892
6 96 440
6 97 304
6 98 909
6 99 829
7 1 554
7 2 998
7 3 400
7 4 941
7 5 634
7 6 333
7 8 879
7 9 685
7 10 897
7 11 744
7 12 304
7 13 701
7 14 973
7 15 993
7 16 969
7 17 985
7 18 513
7 19 437
7 20 527
7 21 945
7 22 768
7 23 525
7 24 357
7 25 570
7 26 835
7 27 424
7 28 733
7 29 886
7 30 532
7 31 884
7 32 541
7 33 367
7 34 387
7 35 1000
7 36 852
7 37 747
7 38 957
7 39 727
7 40 612
7 41 339
7 42 576
7 43 724
7 44 867
7 45 754
7 46 842
7 47 367
7 48 780
7 49 809
7 50 754
7 51 465
7 52 785
7 53 806
7 54 429
7 55 471
7 56 535
7 57 517
7 58 555
7 59 449
7 60 762
7 61 393
7 62 440
7 63 930
7 64 661
7 65 330
7 66 753
7 67 685
7 68 684
7 69 712
7 70 689
7 71 383
7 72 875
7 73 804
7 74 504
7 75 497
7 76 847
7 77 459
7 78 805
7 79 810
7 80 588
7 81 361
7 82 350
7 83 916
7 84 893
7 85 512
7 86 661
7 87 422
7 88 672
7 89 569
7 90 999
7 91 690
7 92 318
7 93 485
7 94 505
7 95 726
7 96 482
7 97 527
7 98 465
7 99 845
8 1 323
8 2 396
8 3 304
8 4 453
8 5 680
8 6 840
8 7 879
8 9 887
8 10 984
8 11 660
8 12 339
8 13 784
8 14 588
8 15 495
8 16 551
8 17 769
8 18 880
8 19 311
8 20 407
8 21 746
8 22 330
8 23 342
8 24 854
8 25 523
8 26 598
8 27 565
8 28 393
8 29 385
8 30 324
8 31 955
8 32 819
8 33 656
8 34 778
8 35 450
8 36 344
8 37 369
8 38 417
8 39 314
8 40 416
8 41 591
8 42 617
8 43 638
8 44 635
8 45 537
8 46 960
8 47 363
8 48 527
8 49 603
8 50 617
8 51 370
8 52 304
8 53 812
8 54 803
8 55 964
8 56 724
8 57 337
8 58 899
8 59 844
8 60 715
8 61 694
8 62 473
8 63 564
8 64 743
8 65 346
8 66 398
8 67 562
8 68 676
8 69 928
8 70 374
8 71 946
8 72 929
8 73 722
8 74 707
8 75 529
8 76 660
8 77 328
8 78 325
8 79 562
8 80 795
8 81 938
8 82 694
8 83 667
8 84 943
8 85 352
8 86 625
8 87 851
8 88 873
8 89 837
8 90 431
8 91 975
8 92 461
8 93 965
8 94 501
8 95 499
8 96 444
8 97 742
8 98 641
8 99 510
9 1 407
9 2 518
9 3 940
9 4 537
9 5 431
9 6 648
9 7 685
9 8 887
9 10 740
9 11 835
9 12 641
9 13 599
9 14 928
9 15 693
9 16 744
9 17 592
9 18 386
9 19 366
9 20 935
9 21 763
9 22 563
9 23 839
9 24 358
9 25 943
9 26 396
9 27 978
9 28 325
9 29 609
9 30 645
9 31 872
9 32 416
9 33 450
9 34 322
9 35 561
9 36 794
9 37 980
9 38 518
9 39 709
9 40 488
9 41 706
9 42 485
9 43 607
9 44 656
9 45 548
9 46 515
9 47 855
9 48 477
9 49 644
9 50 317
9 51 527
9 52 612
9 53 328
9 54 381
9 55 726
9 56 502
9 57 547
9 58 306
9 59 950
9 60 889
9 61 756
9 62 828
9 63 372
9 64 652
9 65 723
9 66 758
9 67 396
9 68 701
9 69 411
9 70 400
9 71 917
9 72 840
9 73 371
9 74 654
9 75 749
9 76 529
9 77 449
9 78 887
9 79 363
9 80 514
9 81 480
9 82 899
9 83 396
9 84 784
9 85 698
9 86 595
9 87 306
9 88 380
9 89 567
9 90 656
9 91 832
9 92 596
9 93 758
9 94 948
9 95 805
9 96 554
9 97 743
9 98 327
9 99 573
10 1 406
10 2 966
10 3 966
10 4 596
10 5 724
10 6 718
10 7 897
10 8 984
10 9 740
10 11 355
10 12 561
10 13 852
10 14 460
10 15 691
10 16 322
10 17 579
10 18 516
10 19 859
10 20 909
10 21 615
10 22 370
10 23 983
10 24 867
10 25 825
10 26 839
10 27 511
10 28 621
10 29 982
10 30 755
10 31 653
10 32 502
10 33 805
10 34 353
10 35 963
10 36 447
10 37 669
10 38 637
10 39 308
10 40 529
10 41 518
10 42 945
10 43 953
10 44 395
10 45 630
10 46 858
10 47 565
10 48 525
10 49 474
10 50 875
10 51 610
10 52 647
10 53 486
10 54 384
10 55 414
10 56 837
10 57 921
10 58 334
10 59 816
10 60 998
10 61 660
10 62 511
10 63 562
10 64 856
10 65 850
10 66 379
10 67 595
10 68 884
10 69 484
10 70 379
10 71 678
10 72 504
10 73 406
10 74 626
10 75 682
10 76 774
10 77 581
10 78 613
10 79 797
10 80 326
10 81 495
10 82 365
10 83 323
10 84 396
10 85 981
10 86 583
10 87 389
10 88 581
10 89 569
10 90 896
10 91 679
10 92 645
10 93 396
10 94 626
10 95 305
10 96 608
10 97 569
10 98 535
10 99 476
11 1 752
11 2 651
11 3 552
11 4 402
11 5 670
11 6 367
11 7 744
11 8 660
11 9 835
11 10 355
11 12 785
11 13 786
11 14 526
11 15 311
11 16 702
11 17 747
11 18 844
11 19 444
11 20 1000
11 21 676
11 22 827
11 23 888
11 24 997
11 25 886
11 26 361
11 27 897
11 28 695
11 29 667
11 30 971
11 31 876
11 32 646
11 33 708
11 34 423
11 35 872
11 36 863
11 37 996
11 38 968
11 39 889
11 40 379
11 41 842
11 42 800
11 43 790
11 44 442
11 45 635
11 46 436
11 47 498
11 48 614
11 49 752
11 50 945
11 51 592
11 52 527
11 53 446
11 54 501
11 55 665
11 56 714
11 57 440
11 58 833
11 59 629
11 60 717
11 61 381
11 62 540
11 63 587
11 64 886
11 65 646
11 66 813
11 67 859
11 68 505
11 69 469
11 70 635
11 71 646
11 72 365
11 73 308
11 74 940
11 75 762
11 76 974
11 77 350
11 78 917
11 79 375
11 80 861
11 81 730
11 82 324
11 83 474
11 84 332
11 85 953
11 86 501
11 87 585
11 88 513
11 89 404
11 90 606
11 91 491
11 92 488
11 93 890
11 94 335
11 95 519
11 96 862
11 97 581
11 98 748
11 99 565
12 1 995
12 2 904
12 3 487
12 4 432
12 5 538
12 6 722
12 7 304
12 8 339
12 9 641
12 10 561
12 11 785
12 13 380
12 14 579
12 15 761
12 16 489
12 17 850
12 18 998
12 19 875
12 20 381
12 21 333
12 22 750
12 23 792
12 24 514
12 25 757
12 26 637
12 27 851
12 28 490
12 29 803
12 30 978
12 31 544
12 32 620
12 33 690
12 34 987
12 35 914
12 36 841
12 37 584
12 38 454
12 39 578
12 40 711
12 41 396
12 42 332
12 43 933
12 44 700
12 45 491
12 46 386
12 47 450
12 48 713
12 49 487
12 50 321
12 51 321
12 52 407
12 53 877
12 54 661
12 55 571
12 56 981
12 57 636
12 58 686
12 59 698
12 60 931
12 61 765
12 62 420
12 63 860
12 64 932
12 65 697
12 66 450
12 67 599
12 68 938
12 69 731
12 70 828
12 71 918
12 72 489
12 73 648
12 74 841
12 75 479
12 76 523
12 77 887
12 78 922
12 79 358
12 80 805
12 81 303
12 82 548
12 83 623
12 84 751
12 85 952
12 86 321
12 87 384
12 88 544
12 89 990
12 90 490
12 91 626
12 92 722
12 93 481
12 94 883
12 95 388
12 96 882
12 97 341
12 98 921
12 99 437
13 1 565
13 2 693
13 3 875
13 4 806
13 5 719
13 6 932
13 7 701
13 8 784
13 9 599
13 10 852
13 11 786
13 12 380
13 14 461
13 15 662
13 16 407
13 17 887
13 18 383
13 19 560
13 20 741
13 21 305
13 22 836
13 23 600
13 24 475
13 25 968
13 26 533
13 27 675
13 28 977
13 29 585
13 30 763
13 31 738
13 32 768
13 33 408
13 34 511
13 35 820
13 36 341
13 37 496
13 38 930
13 39 370
13 40 627
13 41 357
13 42 816
13 43 586
13 44 400
13 45 815
13 46 788
13 47 750
13 48 978
13 49 619
13 50 874
13 51 696
13 52 931
13 53 369
13 54 608
13 55 443
13 56 607
13 57 700
13 58 980
13 59 948
13 60 757
13 61 567
13 62 754
13 63 993
13 64 758
13 65 935
13 66 839
13 67 350
13 68 713
13 69 838
13 70 417
13 71 714
13 72 326
13 73 420
13 74 524
13 75 556
13 76 994
13 77 418
13 78 644
13 79 529
13 80 666
13 81 604
13 82 848
13 83 840
13 84 493
13 85 717
13 86 412
13 87 723
13 88 315
13 89 918
13 90 821
13 91 432
13 92 516
13 93 655
13 94 995
13 95 728
13 96 490
13 97 485
13 98 986
13 99 424
14 1 371
14 2 997
14 3 723
14 4 421
14 5 689
14 6 890
14 7 973
14 8 588
14 9 928
14 10 460
14 11 526
14 12 579
14 13 461
14 15 630
14 16 652
14 17 406
14 18 825
14 19 606
14 20 521
14 21 961
14 22 866
14 23 362
14 24 577
14 25 608
14 26 791
14 27 479
14 28 995
14 29 506
14 30 361
14 31 550
14 32 505
14 33 312
14 34 950
14 35 935
14 36 429
14 37 895
14 38 920
14 39 867
14 40 770
14 41 716
14 42 310
14 43 519
14 44 465
14 45 989
14 46 729
14 47 346
14 48 793
14 49 424
14 50 956
14 51 638
14 52 986
14 53 908
14 54 701
14 55 981
14 56 531
14 57 649
14 58 622
14 59 636
14 60 549
14 61 310
14 62 623
14 63 571
14 64 650
14 65 758
14 66 898
14 67 529
14 68 794
14 69 477
14 70 962
14 71 347
14 72 525
14 73 415
14 74 679
14 75 810
14 76 969
14 77 732
14 78 361
14 79 541
14 80 726
14 81 430
14 82 448
14 83 313
14 84 869
14 85 643
14 86 519
14 87 683
14 88 804
14 89 675
14 90 853
14 91 539
14 92 553
14 93 884
14 94 954
14 95 304
14 96 905
14 97 921
14 98 491
14 99 422
15 1 476
15 2 865
15 3 740
15 4 621
15 5 695
15 6 872
15 7 993
15 8 495
15 9 693
15 10 691
15 11 311
15 12 761
15 13 662
15 14 630
15 16 668
15 17 772
15 18 820
15 19 711
15 20 782
15 21 561
15 22 568
15 23 482
15 24 848
15 25 490
15 26 723
15 27 582
15 28 747
15 29 840
15 30 385
15 31 792
15 32 779
15 33 996
15 34 437
15 35 898
15 36 597
15 37 662
15 38 563
15 39 397
15 40 540
15 41 877
15 42 441
15 43 605
15 44 914
15 45 318
15 46 531
15 47 803
15 48 890
15 49 529
15 50 644
15 51 424
15 52 702
15 53 507
15 54 370
15 55 312
15 56 552
15 57 730
15 58 307
15 59 302
15 60 325
15 61 864
15 62 792
15 63 508
15 64 325
15 65 438
15 66 670
15 67 670
15 68 415
15 69 583
15 70 751
15 71 303
15 72 702
15 73 455
15 74 758
15 75 633
15 76 472
15 77 742
15 78 539
15 79 769
15 80 529
15 81 570
15 82 802
15 83 834
15 84 460
15 85 918
15 86 947
15 87 797
15 88 357
15 89 423
15 90 406
15 91 605
15 92 679
15 93 877
15 94 512
15 95 698
15 96 464
15 97 631
15 98 401
15 99 892
16 1 500
16 2 990
16 3 354
16 4 692
16 5 502
16 6 341
16 7 969
16 8 551
16 9 744
16 10 322
16 11 702
16 12 489
16 13 407
16 14 652
16 15 668
16 17 769
16 18 370
16 19 844
16 20 487
16 21 814
16 22 646
16 23 757
16 24 888
16 25 792
16 26 919
16 27 318
16 28 360
16 29 819
16 30 958
16 31 920
16 32 367
16 33 387
16 34 452
16 35 988
16 36 516
16 37 897
16 38 350
16 39 946
16 40 539
16 41 902
16 42 407
16 43 876
16 44 500
16 45 816
16 46 369
16 47 805
16 48 464
16 49 738
16 50 868
16 51 777
16 52 319
16 53 953
16 54 846
16 55 436
16 56 971
16 57 477
16 58 684
16 59 723
16 60 754
16 61 812
16 62 786
16 63 372
16 64 697
16 65 699
16 66 691
16 67 397
16 68 565
16 69 721
16 70 713
16 71 763
16 72 311
16 73 373
16 74 860
16 75 426
16 76 403
16 77 642
16 78 556
16 79 726
16 80 964
16 81 952
16 82 535
16 83 953
16 84 930
16 85 945
16 86 638
16 87 878
16 88 974
16 89 324
16 90 808
16 91 323
16 92 396
16 93 444
16 94 986
16 95 930
16 96 419
16 97 920
16 98 476
16 99 1000
17 1 762
17 2 957
17 3 493
17 4 610
17 5 799
17 6 866
17 7 985
17 8 769
17 9 592
17 10 579
17 11 747
17 12 850
17 13 887
17 14 406
17 15 772
17 16 769
17 18 827
17 19 352
17 20 808
17 21 980
17 22 995
17 23 783
17 24 646
17 25 833
17 26 751
17 27 830
17 28 973
17 29 888
17 30 491
17 31 952
17 32 736
17 33 395
17 34 521
17 35 973
17 36 889
17 37 475
17 38 744
17 39 624
17 40 325
17 41 512
17 42 344
17 43 416
17 44 417
17 45 470
17 46 926
17 47 658
17 48 418
17 49 382
17 50 676
17 51 987
17 52 789
17 53 549
17 54 381
17 55 615
17 56 898
17 57 552
17 58 545
17 59 876
17 60 817
17 61 989
17 62 598
17 63 956
17 64 658
17 65 736
17 66 639
17 67 775
17 68 809
17 69 633
17 70 732
17 71 330
17 72 712
17 73 823
17 74 377
17 75 709
17 76 599
17 77 625
17 78 666
17 79 305
17 80 376
17 81 386
17 82 333
17 83 700
17 84 692
17 85 630
17 86 648
17 87 731
17 88 999
17 89 664
17 90 994
17 91 444
17 92 499
17 93 303
17 94 447
17 95 481
17 96 696
17 97 801
17 98 349
17 99 903
18 1 614
18 2 427
18 3 876
18 4 936
18 5 775
18 6 394
18 7 513
18 8 880
18 9 386
18 10 516
18 11 844
18 12 998
18 13 383
18 14 825
18 15 820
18 16 370
18 17 827
18 19 999
18 20 323
18 21 839
18 22 345
18 23 847
18 24 616
18 25 591
18 26 539
18 27 891
18 28 314
18 29 378
18 30 395
18 31 744
18 32 508
18 33 766
18 34 987
18 35 501
18 36 888
18 37 950
18 38 673
18 39 399
18 40 381
18 41 305
18 42 370
18 43 341
18 44 578
18 45 445
18 46 646
18 47 473
18 48 651
18 49 570
18 50 698
18 51 301
18 52 718
18 53 719
18 54 748
18 55 586
18 56 468
18 57 788
18 58 451
18 59 874
18 60 864
18 61 331
18 62 433
18 63 448
18 64 340
18 65 494
18 66 669
18 67 859
18 68 778
18 69 723
18 70 638
18 71 451
18 72 529
18 73 531
18 74 987
18 75 911
18 76 755
18 77 463
18 78 422
18 79 613
18 80 896
18 81 848
18 82 994
18 83 800
18 84 995
18 85 425
18 86 846
18 87 718
18 88 313
18 89 997
18 90 356
18 91 311
18 92 574
18 93 646
18 94 517
18 95 846
18 96 648
18 97 692
18 98 480
18 99 453
19 1 373
19 2 676
19 3 462
19 4 591
19 5 502
19 6 858
19 7 437
19 8 311
19 9 366
19 10 859
19 11 444
19 12 875
19 13 560
19 14 606
19 15 711
19 16 844
19 17 352
19 18 999
19 20 878
19 21 995
19 22 696
19 23 333
19 24 613
19 25 628
19 26 366
19 27 394
19 28 410
19 29 866
19 30 359
19 31 379
19 32 708
19 33 404
19 34 756
19 35 788
19 36 665
19 37 989
19 38 810
19 39 562
19 40 432
19 41 927
19 42 532
19 43 916
19 44 829
19 45 644
19 46 632
19 47 505
19 48 699
19 49 604
19 50 322
19 51 630
19 52 776
19 53 461
19 54 736
19 55 939
19 56 408
19 57 877
19 58 340
19 59 897
19 60 388
19 61 887
19 62 775
19 63 563
19 64 877
19 65 722
19 66 716
19 67 728
19 68 325
19 69 617
19 70 595
19 71 755
19 72 934
19 73 652
19 74 371
19 75 810
19 76 470
19 77 457
19 78 745
19 79 321
19 80 638
19 81 376
19 82 317
19 83 904
19 84 642
19 85 958
19 86 855
19 87 558
19 88 631
19 89 984
19 90 347
19 91 336
19 92 418
19 93 436
19 94 965
19 95 332
19 96 934
19 97 738
19 98 658
19 99 387
20 1 572
20 2 766
20 3 981
20 4 620
20 5 987
20 6 341
20 7 527
20 8 407
20 9 935
20 10 909
20 11 1000
20 12 381
20 13 741
20 14 521
20 15 782
20 16 487
20 17 808
20 18 323
20 19 878
20 21 385
20 22 856
20 23 972
20 24 411
20 25 672
20 26 926
20 27 680
20 28 715
20 29 723
20 30 369
20 31 956
20 32 786
20 33 428
20 34 391
20 35 607
20 36 662
20 37 646
20 38 977
20 39 721
20 40 533
20 41 360
20 42 370
20 43 926
20 44 919
20 45 349
20 46 732
20 47 432
20 48 661
20 49 396
20 50 398
20 51 940
20 52 970
20 53 452
20 54 850
20 55 612
20 56 423
20 57 402
20 58 779
20 59 461
20 60 664
20 61 385
20 62 502
20 63 542
20 64 913
20 65 320
20 66 781
20 67 912
20 68 322
20 69 706
20 70 815
20 71 910
20 72 358
20 73 493
20 74 568
20 75 869
20 76 341
20 77 650
20 78 940
20 79 809
20 80 726
20 81 678
20 82 789
20 83 307
20 84 301
20 85 494
20 86 934
20 87 950
20 88 876
20 89 776
20 90 619
20 91 909
20 92 926
20 93 907
20 94 454
20 95 900
20 96 638
20 97 573
20 98 826
20 99 357
21 1 964
21 2 404
21 3 347
21 4 519
21 5 880
21 6 515
21 7 945
21 8 746
21 9 763
21 10 615
21 11 676
21 12 333
21 13 305
21 14 961
21 15 561
21 16 814
21 17 980
21 18 839
21 19 995
21 20 385
21 22 412
21 23 793
21 24 358
21 25 751
21 26 648
21 27 504
21 28 747
21 29 476
21 30 339
21 31 853
21 32 698
21 33 922
21 34 606
21 35 541
21 36 556
21 37 978
21 38 527
21 39 536
21 40 302
21 41 503
21 42 882
21 43 547
21 44 760
21 45 807
21 46 971
21 47 465
21 48 790
21 49 326
21 50 719
21 51 960
21 52 752
21 53 567
21 54 853
21 55 451
21 56 917
21 57 606
21 58 467
21 59 424
21 60 994
21 61 675
21 62 519
21 63 770
21 64 414
21 65 361
21 66 838
21 67 927
21 68 966
21 69 436
21 70 576
21 71 509
21 72 893
21 73 520
21 74 937
21 75 467
21 76 367
21 77 718
21 78 438
21 79 775
21 80 465
21 81 382
21 82 631
21 83 627
21 84 440
21 85 490
21 86 739
21 87 848
21 88 699
21 89 658
21 90 475
21 91 788
21 92 501
21 93 878
21 94 449
21 95 533
21 96 600
21 97 588
21 98 821
21 99 632
22 1 318
22 2 359
22 3 436
22 4 516
22 5 697
22 6 426
22 7 768
22 8 330
22 9 563
22 10 370
22 11 827
22 12 750
22 13 836
22 14 866
22 15 568
22 16 646
22 17 995
22 18 345
22 19 696
22 20 856
22 21 412
22 23 677
22 24 782
22 25 971
22 26 346
22 27 955
22 28 456
22 29 619
22 30 515
22 31 654
22 32 315
22 33 947
22 34 397
22 35 592
22 36 320
22 37 677
22 38 952
22 39 587
22 40 873
22 41 304
22 42 744
22 43 561
22 44 443
22 45 842
22 46 330
22 47 691
22 48 664
22 49 681
22 50 839
22 51 569
22 52 523
22 53 908
22 54 316
22 55 953
22 56 757
22 57 403
22 58 605
22 59 894
22 60 908
22 61 348
22 62 586
22 63 370
22 64 778
22 65 328
22 66 897
22 67 871
22 68 590
22 69 922
22 70 579
22 71 487
22 72 567
22 73 697
22 74 580
22 75 436
22 76 980
22 77 780
22 78 352
22 79 504
22 80 481
22 81 406
22 82 369
22 83 837
22 84 880
22 85 458
22 86 456
22 87 697
22 88 479
22 89 512
22 90 964
22 91 979
22 92 637
22 93 447
22 94 653
22 95 515
22 96 673
22 97 724
22 98 367
22 99 440
23 1 720
23 2 361
23 3 464
23 4 309
23 5 796
23 6 885
23 7 525
23 8 342
23 9 839
23 10 983
23 11 888
23 12 792
23 13 600
23 14 362
23 15 482
23 16 757
23 17 783
23 18 847
23 19 333
23 20 972
23 21 793
23 22 677
23 24 397
23 25 785
23 26 758
23 27 486
23 28 620
23 29 627
23 30 845
23 31 897
23 32 981
23 33 958
23 34 359
23 35 774
23 36 391
23 37 482
23 38 435
23 39 735
23 40 303
23 41 494
23 42 789
23 43 900
23 44 411
23 45 967
23 46 996
23 47 522
23 48 771
23 49 608
23 50 588
23 51 635
23 52 879
23 53 934
23 54 985
23 55 906
23 56 731
23 57 529
23 58 810
23 59 648
23 60 971
23 61 462
23 62 977
23 63 472
23 64 620
23 65 701
23 66 594
23 67 766
23 68 871
23 69 344
23 70 316
23 71 903
23 72 959
23 73 424
23 74 364
23 75 635
23 76 435
23 77 651
23 78 334
23 79 345
23 80 813
23 81 741
23 82 511
23 83 551
23 84 595
23 85 529
23 86 700
23 87 880
23 88 639
23 89 433
23 90 745
23 91 704
23 92 412
23 93 977
23 94 530
23 95 610
23 96 493
23 97 997
23 98 921
23 99 762
24 1 648
24 2 485
24 3 640
24 4 896
24 5 909
24 6 509
24 7 357
24 8 854
24 9 358
24 10 867
24 11 997
24 12 514
24 13 475
24 14 577
24 15 848
24 16 888
24 17 646
24 18 616
24 19 613
24 20 411
24 21 358
24 22 782
24 23 397
24 25 898
24 26 508
24 27 633
24 28 756
24 29 473
24 30 591
24 31 839
24 32 546
24 33 339
24 34 709
24 35 697
24 36 378
24 37 540
24 38 813
24 39 908
24 40 910
24 41 645
24 42 936
24 43 673
24 44 884
24 45 482
24 46 346
24 47 318
24 48 890
24 49 324
24 50 487
24 51 700
24 52 856
24 53 426
24 54 818
24 55 366
24 56 722
24 57 378
24 58 610
24 59 574
24 60 423
24 61 347
24 62 953
24 63 564
24 64 874
24 65 931
24 66 858
24 67 653
24 68 773
24 69 774
24 70 686
24 71 420
24 72 820
24 73 781
24 74 885
24 75 392
24 76 520
24 77 467
24 78 542
24 79 847
24 80 849
24 81 460
24 82 671
24 83 947
24 84 963
24 85 608
24 86 542
24 87 884
24 88 326
24 89 485
24 90 690
24 91 522
24 92 695
24 93 968
24 94 838
24 95 969
24 96 718
24 97 843
24 98 413
24 99 373
25 1 830
25 2 449
25 3 436
25 4 996
25 5 896
25 6 640
25 7 570
25 8 523
25 9 943
25 10 825
25 11 886
25 12 757
25 13 968
25 14 608
25 15 490
25 16 792
25 17 833
25 18 591
25 19 628
25 20 672
25 21 751
25 22 971
25 23 785
25 24 898
25 26 349
25 27 763
25 28 751
25 29 301
25 30 677
25 31 377
25 32 992
25 33 541
25 34 329
25 35 975
25 36 449
25 37 501
25 38 886
25 39 433
25 40 543
25 41 580
25 42 991
25 43 345
25 44 911
25 45 577
25 46 574
25 47 643
25 48 995
25 49 587
25 50 551
25 51 337
25 52 342
25 53 652
25 54 360
25 55 333
25 56 696
25 57 449
25 58 860
25 59 977
25 60 860
25 61 573
25 62 484
25 63 766
25 64 704
25 65 800
25 66 659
25 67 975
25 68 658
25 69 350
25 70 881
25 71 610
25 72 697
25 73 869
25 74 746
25 75 833
25 76 549
25 77 534
25 78 936
25 79 370
25 80 363
25 81 560
25 82 359
25 83 840
25 84 732
25 85 348
25 86 967
25 87 777
25 88 777
25 89 664
25 90 630
25 91 755
25 92 645
25 93 694
25 94 342
25 95 338
25 96 927
25 97 998
25 98 488
25 99 912
26 1 820
26 2 412
26 3 903
26 4 977
26 5 639
26 6 546
26 7 835
26 8 598
26 9 396
26 10 839
26 11 361
26 12 637
26 13 533
26 14 791
26 15 723
26 16 919
26 17 751
26 18 539
26 19 366
26 20 926
26 21 648
26 22 346
26 23 758
26 24 508
26 25 349
26 27 412
26 28 312
26 29 965
26 30 408
26 31 368
26 32 736
26 33 363
26 34 467
26 35 484
26 36 363
26 37 673
26 38 742
26 39 581
26 40 687
26 41 826
26 42 760
26 43 903
26 44 928
26 45 1000
26 46 578
26 47 723
26 48 361
26 49 326
26 50 428
26 51 409
26 52 873
26 53 397
26 54 576
26 55 965
26 56 655
26 57 676
26 58 934
26 59 892
26 60 388
26 61 321
26 62 331
26 63 856
26 64 618
26 65 701
26 66 492
26 67 845
26 68 630
26 69 691
26 70 785
26 71 753
26 72 933
26 73 736
26 74 832
26 75 374
26 76 543
26 77 572
26 78 679
26 79 815
26 80 514
26 81 729
26 82 356
26 83 835
26 84 760
26 85 971
26 86 576
26 87 714
26 88 827
26 89 506
26 90 846
26 91 426
26 92 949
26 93 914
26 94 703
26 95 311
26 96 500
26 97 362
26 98 840
26 99 596
27 1 926
27 2 942
27 3 737
27 4 499
27 5 471
27 6 977
27 7 424
27 8 565
27 9 978
27 10 511
27 11 897
27 12 851
27 13 675
27 14 479
27 15 582
27 16 318
27 17 830
27 18 891
27 19 394
27 20 680
27 21 504
27 22 955
27 23 486
27 24 633
27 25 763
27 26 412
27 28 952
27 29 497
27 30 330
27 31 331
27 32 603
27 33 956
27 34 799
27 35 486
27 36 965
27 37 865
27 38 585
27 39 730
27 40 917
27 41 660
27 42 570
27 43 529
27 44 582
27 45 690
27 46 879
27 47 623
27 48 945
27 49 466
27 50 967
27 51 671
27 52 843
27 53 391
27 54 929
27 55 948
27 56 623
27 57 727
27 58 988
27 59 613
27 60 420
27 61 545
27 62 590
27 63 503
27 64 787
27 65 746
27 66 492
27 67 535
27 68 984
27 69 874
27 70 718
27 71 656
27 72 711
27 73 700
27 74 366
27 75 545
27 76 443
27 77 532
27 78 694
27 79 484
27 80 475
27 81 846
27 82 323
27 83 824
27 84 453
27 85 438
27 86 531
27 87 904
27 88 925
27 89 716
27 90 428
27 91 786
27 92 815
27 93 858
27 94 576
27 95 452
27 96 486
27 97 446
27 98 679
27 99 559
28 1 931
28 2 327
28 3 392
28 4 742
28 5 781
28 6 602
28 7 733
28 8 393
28 9 325
28 10 621
28 11 695
28 12 490
28 13 977
28 14 995
28 15 747
28 16 360
28 17 973
28 18 314
28 19 410
28 20 715
28 21 747
28 22 456
28 23 620
28 24 756
28 25 751
28 26 312
28 27 952
28 29 942
28 30 664
28 31 660
28 32 907
28 33 686
28 34 632
28 35 616
28 36 621
28 37 645
28 38 651
28 39 517
28 40 775
28 41 359
28 42 480
28 43 637
28 44 999
28 45 587
28 46 564
28 47 658
28 48 752
28 49 520
28 50 773
28 51 873
28 52 998
28 53 408
28 54 811
28 55 581
28 56 927
28 57 885
28 58 916
28 59 310
28 60 466
28 61 504
28 62 420
28 63 748
28 64 496
28 65 972
28 66 927
28 67 999
28 68 351
28 69 470
28 70 389
28 71 355
28 72 673
28 73 981
28 74 834
28 75 843
28 76 968
28 77 359
28 78 795
28 79 948
28 80 379
28 81 887
28 82 575
28 83 999
28 84 515
28 85 963
28 86 644
28 87 908
28 88 626
28 89 325
28 90 879
28 91 531
28 92 917
28 93 490
28 94 362
28 95 840
28 96 574
28 97 924
28 98 936
28 99 775
29 1 851
29 2 435
29 3 977
29 4 688
29 5 504
29 6 425
29 7 886
29 8 385
29 9 609
29 10 982
29 11 667
29 12 803
29 13 585
29 14 506
29 15 840
29 16 819
29 17 888
29 18 378
29 19 866
29 20 723
29 21 476
29 22 619
29 23 627
29 24 473
29 25 301
29 26 965
29 27 497
29 28 942
29 30 819
29 31 676
29 32 651
29 33 492
29 34 313
29 35 614
29 36 963
29 37 311
29 38 615
29 39 544
29 40 733
29 41 650
29 42 474
29 43 963
29 44 515
29 45 361
29 46 367
29 47 399
29 48 398
29 49 912
29 50 587
29 51 355
29 52 703
29 53 673
29 54 317
29 55 889
29 56 527
29 57 917
29 58 394
29 59 351
29 60 355
29 61 541
29 62 620
29 63 940
29 64 401
29 65 660
29 66 302
29 67 921
29 68 653
29 69 938
29 70 889
29 71 668
29 72 727
29 73 715
29 74 513
29 75 332
29 76 420
29 77 795
29 78 693
29 79 590
29 80 916
29 81 855
29 82 484
29 83 887
29 84 957
29 85 476
29 86 843
29 87 808
29 88 371
29 89 777
29 90 316
29 91 657
29 92 852
29 93 590
29 94 379
29 95 385
29 96 427
29 97 588
29 98 812
29 99 526
30 1 634
30 2 728
30 3 615
30 4 948
30 5 569
30 6 787
30 7 532
30 8 324
30 9 645
30 10 755
30 11 971
30 12 978
30 13 763
30 14 361
30 15 385
30 16 958
30 17 491
30 18 395
30 19 359
30 20 369
30 21 339
30 22 515
30 23 845
30 24 591
30 25 677
30 26 408
30 27 330
30 28 664
30 29 819
30 31 988
30 32 843
30 33 968
30 34 399
30 35 361
30 36 862
30 37 647
30 38 875
30 39 812
30 40 934
30 41 913
30 42 308
30 43 645
30 44 818
30 45 506
30 46 307
30 47 607
30 48 531
30 49 322
30 50 454
30 51 870
30 52 993
30 53 598
30 54 548
30 55 390
30 56 896
30 57 737
30 58 752
30 59 711
30 60 879
30 61 717
30 62 921
30 63 898
30 64 842
30 65 614
30 66 982
30 67 456
30 68 699
30 69 331
30 70 781
30 71 478
30 72 717
30 73 874
30 74 482
30 75 745
30 76 966
30 77 815
30 78 993
30 79 329
30 80 444
30 81 852
30 82 964
30 83 648
30 84 617
30 85 568
30 86 774
30 87 630
30 88 321
30 89 361
30 90 915
30 91 333
30 92 759
30 93 934
30 94 490
30 95 581
30 96 575
30 97 941
30 98 931
30 99 974
31 1 768
31 2 652
31 3 693
31 4 558
31 5 370
31 6 769
31 7 884
31 8 955
31 9 872
31 10 653
31 11 876
31 12 544
31 13 738
31 14 550
31 15 792
31 16 920
31 17 952
31 18 744
31 19 379
31 20 956
31 21 853
31 22 654
31 23 897
31 24 839
31 25 377
31 26 368
31 27 331
31 28 660
31 29 676
31 30 988
31 32 961
31 33 387
31 34 986
31 35 433
31 36 639
31 37 440
31 38 867
31 39 510
31 40 908
31 41 468
31 42 443
31 43 807
31 44 578
31 45 805
31 46 947
31 47 517
31 48 764
31 49 542
31 50 915
31 51 532
31 52 900
31 53 615
31 54 773
31 55 384
31 56 793
31 57 512
31 58 694
31 59 976
31 60 473
31 61 738
31 62 823
31 63 691
31 64 928
31 65 980
31 66 715
31 67 853
31 68 894
31 69 466
31 70 721
31 71 581
31 72 475
31 73 327
31 74 428
31 75 746
31 76 707
31 77 844
31 78 865
31 79 571
31 80 331
31 81 499
31 82 361
31 83 818
31 84 423
31 85 584
31 86 916
31 87 645
31 88 523
31 89 531
31 90 668
31 91 472
31 92 873
31 93 921
31 94 813
31 95 954
31 96 564
31 97 471
31 98 589
31 99 514
32 1 462
32 2 765
32 3 640
32 4 451
32 5 889
32 6 934
32 7 541
32 8 819
32 9 416
32 10 502
32 11 646
32 12 620
32 13 768
32 14 505
32 15 779
32 16 367
32 17 736
32 18 508
32 19 708
32 20 786
32 21 698
32 22 315
32 23 981
32 24 546
32 25 992
32 26 736
32 27 603
32 28 907
32 29 651
32 30 843
32 31 961
32 33 394
32 34 871
32 35 602
32 36 540
32 37 696
32 38 941
32 39 944
32 40 632
32 41 960
32 42 795
32 43 449
32 44 675
32 45 510
32 46 731
32 47 737
32 48 960
32 49 733
32 50 591
32 51 792
32 52 565
32 53 902
32 54 816
32 55 355
32 56 860
32 57 685
32 58 485
32 59 732
32 60 397
32 61 529
32 62 631
32 63 734
32 64 967
32 65 360
32 66 981
32 67 333
32 68 628
32 69 415
32 70 854
32 71 858
32 72 555
32 73 670
32 74 538
32 75 735
32 76 580
32 77 686
32 78 784
32 79 947
32 80 990
32 81 627
32 82 940
32 83 781
32 84 911
32 85 962
32 86 788
32 87 764
32 88 824
32 89 654
32 90 475
32 91 660
32 92 575
32 93 787
32 94 521
32 95 631
32 96 623
32 97 774
32 98 406
32 99 428
33 1 711
33 2 880
33 3 342
33 4 709
33 5 494
33 6 742
33 7 367
33 8 656
33 9 450
33 10 805
33 11 708
33 12 690
33 13 408
33 14 312
33 15 996
33 16 387
33 17 395
33 18 766
33 19 404
33 20 428
33 21 922
33 22 947
33 23 958
33 24 339
33 25 541
33 26 363
33 27 956
33 28 686
33 29 492
33 30 968
33 31 387
33 32 394
33 34 656
33 35 523
33 36 452
33 37 455
33 38 309
33 39 862
33 40 637
33 41 369
33 42 381
33 43 665
33 44 657
33 45 463
33 46 641
33 47 804
33 48 801
33 49 495
33 50 929
33 51 890
33 52 947
33 53 653
33 54 388
33 55 975
33 56 699
33 57 577
33 58 563
33 59 650
33 60 779
33 61 665
33 62 937
33 63 359
33 64 785
33 65 568
33 66 919
33 67 903
33 68 876
33 69 821
33 70 337
33 71 836
33 72 798
33 73 791
33 74 910
33 75 318
33 76 763
33 77 817
33 78 558
33 79 664
33 80 540
33 81 682
33 82 340
33 83 473
33 84 309
33 85 817
33 86 943
33 87 849
33 88 700
33 89 617
33 90 389
33 91 556
33 92 643
33 93 746
33 94 381
33 95 569
33 96 306
33 97 655
33 98 485
33 99 334
34 1 489
34 2 569
34 3 713
34 4 805
34 5 672
34 6 939
34 7 387
34 8 778
34 9 322
34 10 353
34 11 423
34 12 987
34 13 511
34 14 950
34 15 437
34 16 452
34 17 521
34 18 987
34 19 756
34 20 391
34 21 606
34 22 397
34 23 359
34 24 709
34 25 329
34 26 467
34 27 799
34 28 632
34 29 313
34 30 399
34 31 986
34 32 871
34 33 656
34 35 921
34 36 686
34 37 697
34 38 510
34 39 813
34 40 367
34 41 614
34 42 979
34 43 820
34 44 979
34 45 893
34 46 361
34 47 523
34 48 593
34 49 937
34 50 493
34 51 687
34 52 695
34 53 636
34 54 893
34 55 546
34 56 681
34 57 427
34 58 981
34 59 950
34 60 532
34 61 764
34 62 494
34 63 477
34 64 377
34 65 823
34 66 422
34 67 636
34 68 545
34 69 698
34 70 869
34 71 840
34 72 804
34 73 758
34 74 886
34 75 885
34 76 342
34 77 873
34 78 729
34 79 680
34 80 435
34 81 514
34 82 590
34 83 774
34 84 424
34 85 365
34 86 873
34 87 633
34 88 712
34 89 450
34 90 977
34 91 457
34 92 789
34 93 459
34 94 910
34 95 532
34 96 472
34 97 904
34 98 523
34 99 926
35 1 622
35 2 748
35 3 568
35 4 815
35 5 902
35 6 753
35 7 1000
35 8 450
35 9 561
35 10 963
35 11 872
35 12 914
35 13 820
35 14 935
35 15 898
35 16 988
35 17 973
35 18 501
35 19 788
35 20 607
35 21 541
35 22 592
35 23 774
35 24 697
35 25 975
35 26 484
35 27 486
35 28 616
35 29 614
35 30 361
35 31 433
35 32 602
35 33 523
35 34 921
35 36 926
35 37 806
35 38 435
35 39 496
35 40 516
35 41 955
35 42 382
35 43 683
35 44 376
35 45 825
35 46 773
35 47 330
35 48 379
35 49 584
35 50 975
35 51 644
35 52 474
35 53 447
35 54 874
35 55 878
35 56 627
35 57 388
35 58 722
35 59 705
35 60 454
35 61 391
35 62 484
35 63 353
35 64 648
35 65 613
35 66 380
35 67 958
35 68 342
35 69 450
35 70 531
35 71 685
35 72 797
35 73 718
35 74 322
35 75 898
35 76 818
35 77 798
35 78 771
35 79 467
35 80 564
35 81 772
35 82 358
35 83 775
35 84 423
35 85 950
35 86 900
35 87 689
35 88 855
35 89 309
35 90 976
35 91 995
35 92 756
35 93 667
35 94 815
35 95 484
35 96 939
35 97 835
35 98 863
35 99 947
36 1 544
36 2 591
36 3 771
36 4 944
36 5 659
36 6 436
36 7 852
36 8 344
36 9 794
36 10 447
36 11 863
36 12 841
36 13 341
36 14 429
36 15 597
36 16 516
36 17 889
36 18 888
36 19 665
36 20 662
36 21 556
36 22 320
36 23 391
36 24 378
36 25 449
36 26 363
36 27 965
36 28 621
36 29 963
36 30 862
36 31 639
36 32 540
36 33 452
36 34 686
36 35 926
36 37 628
36 38 536
36 39 706
36 40 426
36 41 642
36 42 577
36 43 910
36 44 895
36 45 540
36 46 406
36 47 732
36 48 757
36 49 525
36 50 746
36 51 832
36 52 522
36 53 501
36 54 404
36 55 398
36 56 608
36 57 473
36 58 783
36 59 389
36 60 501
36 61 468
36 62 496
36 63 310
36 64 560
36 65 418
36 66 708
36 67 982
36 68 846
36 69 430
36 70 873
36 71 526
36 72 913
36 73 407
36 74 925
36 75 752
36 76 854
36 77 771
36 78 594
36 79 801
36 80 630
36 81 379
36 82 321
36 83 377
36 84 979
36 85 408
36 86 513
36 87 475
36 88 565
36 89 987
36 90 538
36 91 306
36 92 546
36 93 373
36 94 628
36 95 406
36 96 502
36 97 995
36 98 992
36 99 666
37 1 393
37 2 828
37 3 953
37 4 600
37 5 850
37 6 906
37 7 747
37 8 369
37 9 980
37 10 669
37 11 996
37 12 584
37 13 496
37 14 895
37 15 662
37 16 897
37 17 475
37 18 950
37 19 989
37 20 646
37 21 978
37 22 677
37 23 482
37 24 540
37 25 501
37 26 673
37 27 865
37 28 645
37 29 311
37 30 647
37 31 440
37 32 696
37 33 455
37 34 697
37 35 806
37 36 628
37 38 748
37 39 606
37 40 329
37 41 801
37 42 439
37 43 593
37 44 886
37 45 999
37 46 747
37 47 978
37 48 960
37 49 794
37 50 631
37 51 494
37 52 744
37 53 622
37 54 681
37 55 797
37 56 724
37 57 435
37 58 814
37 59 869
37 60 794
37 61 938
37 62 930
37 63 629
37 64 949
37 65 842
37 66 573
37 67 323
37 68 762
37 69 321
37 70 1000
37 71 595
37 72 468
37 73 487
37 74 878
37 75 657
37 76 601
37 77 550
37 78 445
37 79 314
37 80 913
37 81 578
37 82 745
37 83 930
37 84 474
37 85 654
37 86 736
37 87 380
37 88 895
37 89 867
37 90 300
37 91 530
37 92 541
37 93 639
37 94 389
37 95 500
37 96 767
37 97 872
37 98 655
37 99 833
38 1 530
38 2 676
38 3 805
38 4 532
38 5 381
38 6 411
38 7 957
38 8 417
38 9 518
38 10 637
38 11 968
38 12 454
38 13 930
38 14 920
38 15 563
38 16 350
38 17 744
38 18 673
38 19 810
38 20 977
38 21 527
38 22 952
38 23 435
38 24 813
38 25 886
38 26 742
38 27 585
38 28 651
38 29 615
38 30 875
38 31 867
38 32 941
38 33 309
38 34 510
38 35 435
38 36 536
38 37 748
38 39 864
38 40 556
38 41 798
38 42 338
38 43 429
38 44 677
38 45 922
38 46 358
38 47 527
38 48 308
38 49 658
38 50 535
38 51 550
38 52 992
38 53 613
38 54 304
38 55 304
38 56 397
38 57 731
38 58 903
38 59 826
38 60 404
38 61 614
38 62 740
38 63 699
38 64 931
38 65 395
38 66 461
38 67 986
38 68 792
38 69 548
38 70 347
38 71 510
38 72 442
38 73 528
38 74 973
38 75 1000
38 76 775
38 77 594
38 78 839
38 79 611
38 80 891
38 81 791
38 82 348
38 83 982
38 84 754
38 85 806
38 86 553
38 87 544
38 88 347
38 89 353
38 90 972
38 91 473
38 92 440
38 93 845
38 94 316
38 95 923
38 96 896
38 97 364
38 98 585
38 99 493
39 1 686
39 2 606
39 3 531
39 4 684
39 5 828
39 6 617
39 7 727
39 8 314
39 9 709
39 10 308
39 11 889
39 12 578
39 13 370
39 14 867
39 15 397
39 16 946
39 17 624
39 18 399
39 19 562
39 20 721
39 21 536
39 22 587
39 23 735
39 24 908
39 25 433
39 26 581
39 27 730
39 28 517
39 29 544
39 30 812
39 31 510
39 32 944
39 33 862
39 34 813
39 35 496
39 36 706
39 37 606
39 38 864
39 40 587
39 41 464
39 42 504
39 43 637
39 44 436
39 45 846
39 46 943
39 47 921
39 48 917
39 49 768
39 50 661
39 51 506
39 52 759
39 53 485
39 54 646
39 55 931
39 56 919
39 57 799
39 58 611
39 59 589
39 60 933
39 61 941
39 62 600
39 63 707
39 64 943
39 65 419
39 66 356
39 67 451
39 68 540
39 69 918
39 70 718
39 71 505
39 72 994
39 73 762
39 74 626
39 75 346
39 76 391
39 77 770
39 78 388
39 79 354
39 80 566
39 81 563
39 82 492
39 83 994
39 84 810
39 85 773
39 86 931
39 87 373
39 88 659
39 89 865
39 90 481
39 91 350
39 92 564
39 93 303
39 94 985
39 95 964
39 96 373
39 97 832
39 98 837
39 99 453
40 1 687
40 2 915
40 3 852
40 4 567
40 5 837
40 6 966
40 7 612
40 8 416
40 9 488
40 10 529
40 11 379
40 12 711
40 13 627
40 14 770
40 15 540
40 16 539
40 17 325
40 18 381
40 19 432
40 20 533
40 21 302
40 22 873
40 23 303
40 24 910
40 25 543
40 26 687
40 27 917
40 28 775
40 29 733
40 30 934
40 31 908
40 32 632
40 33 637
40 34 367
40 35 516
40 36 426
40 37 329
40 38 556
40 39 587
40 41 820
40 42 667
40 43 393
40 44 795
40 45 354
40 46 511
40 47 928
40 48 649
40 49 939
40 50 556
40 51 998
40 52 836
40 53 373
40 54 563
40 55 658
40 56 919
40 57 641
40 58 394
40 59 602
40 60 332
40 61 465
40 62 492
40 63 936
40 64 348
40 65 729
40 66 571
40 67 989
40 68 818
40 69 545
40 70 588
40 71 381
40 72 394
40 73 898
40 74 819
40 75 876
40 76 322
40 77 867
40 78 439
40 79 390
40 80 391
40 81 321
40 82 690
40 83 968
40 84 305
40 85 901
40 86 583
40 87 864
40 88 739
40 89 805
40 90 597
40 91 324
40 92 435
40 93 596
40 94 944
40 95 592
40 96 625
40 97 618
40 98 720
40 99 509
41 1 762
41 2 589
41 3 390
41 4 1000
41 5 827
41 6 562
41 7 339
41 8 591
41 9 706
41 10 518
41 11 842
41 12 396
41 13 357
41 14 716
41 15 877
41 16 902
41 17 512
41 18 305
41 19 927
41 20 360
41 21 503
41 22 304
41 23 494
41 24 645
41 25 580
41 26 826
41 27 660
41 28 359
41 29 650
41 30 913
41 31 468
41 32 960
41 33 369
41 34 614
41 35 955
41 36 642
41 37 801
41 38 798
41 39 464
41 40 820
41 42 957
41 43 400
41 44 784
41 45 756
41 46 743
41 47 832
41 48 608
41 49 465
41 50 474
41 51 315
41 52 918
41 53 540
41 54 600
41 55 723
41 56 391
41 57 650
41 58 622
41 59 369
41 60 452
41 61 836
41 62 672
41 63 354
41 64 425
41 65 889
41 66 792
41 67 689
41 68 334
41 69 937
41 70 892
41 71 480
41 72 775
41 73 342
41 74 675
41 75 804
41 76 911
41 77 537
41 78 335
41 79 427
41 80 444
41 81 337
41 82 345
41 83 728
41 84 950
41 85 957
41 86 624
41 87 470
41 88 518
41 89 384
41 90 983
41 91 924
41 92 373
41 93 501
41 94 782
41 95 730
41 96 670
41 97 647
41 98 420
41 99 581
42 1 492
42 2 519
42 3 518
42 4 743
42 5 343
42 6 618
42 7 576
42 8 617
42 9 485
42 10 945
42 11 800
42 12 332
42 13 816
42 14 310
42 15 441
42 16 407
42 17 344
