s 1 789
s 2 397
s 3 189
s 4 575
s 5 330
s 6 552
s 7 795
s 8 817
s 9 211
s 10 240
s 11 694
s 12 460
s 13 269
s 14 226
s 15 799
s 16 450
s 17 945
s 18 481
s 19 847
s 20 168
s 21 909
s 22 523
s 23 418
s 24 379
s 25 317
s 26 533
s 27 772
s 28 563
s 29 790
s 30 810
s 31 444
s 32 222
s 33 691
s 34 461
s 35 582
s 36 557
s 37 993
s 38 556
s 39 474
s 40 708
s 41 558
s 42 845
s 43 868
s 44 651
s 45 455
s 46 855
s 47 252
s 48 907
s 49 878
s 50 845
s 51 436
s 52 588
s 53 198
s 54 299
s 55 971
s 56 265
s 57 465
s 58 108
s 59 526
s 60 917
s 61 321
s 62 651
s 63 884
s 64 644
s 65 962
s 66 192
s 67 310
s 68 509
s 69 943
s 70 671
s 71 482
s 72 477
s 73 246
s 74 138
s 75 703
s 76 602
s 77 846
s 78 383
s 79 871
s 80 497
s 81 371
s 82 587
s 83 910
s 84 461
s 85 111
s 86 682
s 87 670
s 88 740
s 89 344
s 90 953
s 91 982
s 92 783
s 93 734
s 94 953
s 95 892
s 96 318
s 97 771
s 98 131
s 99 183
1 2 636
1 3 767
1 4 208
1 5 413
1 6 167
1 7 432
1 8 586
1 9 571
1 10 907
1 11 504
1 12 273
1 13 524
1 14 247
1 15 381
1 16 425
1 17 318
1 18 992
1 19 388
1 20 101
1 21 310
1 22 150
1 23 707
1 24 213
1 25 605
1 26 456
1 27 785
1 28 906
1 29 304
1 30 575
1 31 101
1 32 656
1 33 206
1 34 572
1 35 367
1 36 258
1 37 991
1 38 763
1 39 147
1 40 281
1 41 512
1 42 852
1 43 668
1 44 289
1 45 524
1 46 738
1 47 539
1 48 894
1 49 940
1 50 361
1 51 692
1 52 872
1 53 901
1 54 293
1 55 275
1 56 873
1 57 313
1 58 393
1 59 257
1 60 984
1 61 935
1 62 988
1 63 350
1 64 935
1 65 951
1 66 308
1 67 553
1 68 329
1 69 715
1 70 888
1 71 654
1 72 925
1 73 171
1 74 992
1 75 651
1 76 810
1 77 592
1 78 601
1 79 889
1 80 456
1 81 901
1 82 853
1 83 659
1 84 900
1 85 629
1 86 226
1 87 723
1 88 849
1 89 935
1 90 639
1 91 776
1 92 302
1 93 483
1 94 374
1 95 777
1 96 635
1 97 939
1 98 174
1 99 586
2 1 636
2 3 119
2 4 866
2 5 600
2 6 761
2 7 192
2 8 900
2 9 546
2 10 763
2 11 558
2 12 366
2 13 259
2 14 469
2 15 413
2 16 808
2 17 138
2 18 870
2 19 915
2 20 688
2 21 108
2 22 678
2 23 845
2 24 315
2 25 900
2 26 223
2 27 677
2 28 319
2 29 802
2 30 382
2 31 759
2 32 463
2 33 211
2 34 378
2 35 380
2 36 925
2 37 632
2 38 535
2 39 283
2 40 787
2 41 975
2 42 779
2 43 300
2 44 174
2 45 119
2 46 943
2 47 441
2 48 810
2 49 410
2 50 815
2 51 727
2 52 996
2 53 557
2 54 625
2 55 920
2 56 287
2 57 941
2 58 313
2 59 550
2 60 726
2 61 795
2 62 171
2 63 671
2 64 208
2 65 359
2 66 473
2 67 225
2 68 581
2 69 946
2 70 446
2 71 550
2 72 301
2 73 417
2 74 621
2 75 751
2 76 854
2 77 415
2 78 466
2 79 284
2 80 690
2 81 503
2 82 487
2 83 175
2 84 280
2 85 913
2 86 454
2 87 191
2 88 975
2 89 111
2 90 587
2 91 737
2 92 994
2 93 831
2 94 618
2 95 550
2 96 945
2 97 654
2 98 344
2 99 125
3 1 767
3 2 119
3 4 804
3 5 107
3 6 818
3 7 289
3 8 774
3 9 356
3 10 802
3 11 461
3 12 794
3 13 580
3 14 105
3 15 207
3 16 578
3 17 746
3 18 443
3 19 530
3 20 209
3 21 862
3 22 123
3 23 568
3 24 760
3 25 836
3 26 432
3 27 655
3 28 515
3 29 137
3 30 393
3 31 605
3 32 993
3 33 444
3 34 190
3 35 443
3 36 726
3 37 293
3 38 320
3 39 939
3 40 370
3 41 717
3 42 554
3 43 516
3 44 345
3 45 606
3 46 810
3 47 410
3 48 197
3 49 102
3 50 718
3 51 968
3 52 941
3 53 942
3 54 709
3 55 709
3 56 691
3 57 704
3 58 455
3 59 628
3 60 491
3 61 390
3 62 237
3 63 948
3 64 755
3 65 293
3 66 454
3 67 881
3 68 211
3 69 510
3 70 452
3 71 127
3 72 579
3 73 303
3 74 847
3 75 793
3 76 796
3 77 101
3 78 896
3 79 979
3 80 229
3 81 333
3 82 622
3 83 904
3 84 108
3 85 102
3 86 229
3 87 607
3 88 752
3 89 211
3 90 464
3 91 105
3 92 339
3 93 716
3 94 890
3 95 312
3 96 838
3 97 220
3 98 924
3 99 231
4 1 208
4 2 866
4 3 804
4 5 297
4 6 235
4 7 366
4 8 724
4 9 263
4 10 376
4 11 586
4 12 940
4 13 825
4 14 533
4 15 323
4 16 204
4 17 996
4 18 677
4 19 330
4 20 701
4 21 681
4 22 569
4 23 344
4 24 303
4 25 266
4 26 357
4 27 695
4 28 157
4 29 754
4 30 458
4 31 720
4 32 842
4 33 955
4 34 334
4 35 883
4 36 356
4 37 649
4 38 898
4 39 108
4 40 946
4 41 276
4 42 952
4 43 383
4 44 122
4 45 680
4 46 700
4 47 660
4 48 339
4 49 896
4 50 709
4 51 123
4 52 453
4 53 911
4 54 431
4 55 887
4 56 860
4 57 986
4 58 219
4 59 280
4 60 667
4 61 227
4 62 192
4 63 365
4 64 311
4 65 486
4 66 186
4 67 600
4 68 578
4 69 577
4 70 960
4 71 770
4 72 970
4 73 685
4 74 244
4 75 117
4 76 899
4 77 575
4 78 461
4 79 461
4 80 631
4 81 530
4 82 358
4 83 779
4 84 401
4 85 655
4 86 766
4 87 225
4 88 894
4 89 472
4 90 642
4 91 108
4 92 610
4 93 330
4 94 600
4 95 749
4 96 617
4 97 113
4 98 214
4 99 904
5 1 413
5 2 600
5 3 107
5 4 297
5 6 792
5 7 955
5 8 226
5 9 162
5 10 505
5 11 518
5 12 646
5 13 484
5 14 414
5 15 196
5 16 407
5 17 404
5 18 485
5 19 594
5 20 890
5 21 426
5 22 651
5 23 324
5 24 774
5 25 539
5 26 509
5 27 799
5 28 987
5 29 279
5 30 537
5 31 267
5 32 751
5 33 905
5 34 418
5 35 663
5 36 732
5 37 197
5 38 691
5 39 136
5 40 200
5 41 122
5 42 844
5 43 873
5 44 737
5 45 711
5 46 184
5 47 506
5 48 476
5 49 867
5 50 412
5 51 348
5 52 324
5 53 669
5 54 436
5 55 562
5 56 524
5 57 898
5 58 531
5 59 946
5 60 457
5 61 426
5 62 634
5 63 193
5 64 883
5 65 582
5 66 414
5 67 282
5 68 290
5 69 339
5 70 498
5 71 932
5 72 417
5 73 910
5 74 297
5 75 366
5 76 732
5 77 265
5 78 186
5 79 994
5 80 224
5 81 564
5 82 488
5 83 657
5 84 360
5 85 119
5 86 274
5 87 290
5 88 468
5 89 687
5 90 354
5 91 576
5 92 658
5 93 926
5 94 673
5 95 972
5 96 695
5 97 867
5 98 326
5 99 224
6 1 167
6 2 761
6 3 818
6 4 235
6 5 792
6 7 880
6 8 967
6 9 234
6 10 807
6 11 452
6 12 968
6 13 723
6 14 249
6 15 269
6 16 651
6 17 387
6 18 405
6 19 145
6 20 791
6 21 216
6 22 727
6 23 200
6 24 562
6 25 343
6 26 842
6 27 713
6 28 131
6 29 131
6 30 448
6 31 386
6 32 989
6 33 969
6 34 737
6 35 611
6 36 572
6 37 661
6 38 882
6 39 819
6 40 298
6 41 796
6 42 947
6 43 901
6 44 239
6 45 492
6 46 647
6 47 316
6 48 359
6 49 738
6 50 412
6 51 435
6 52 852
6 53 681
6 54 289
6 55 692
6 56 204
6 57 871
6 58 996
6 59 970
6 60 956
6 61 412
6 62 407
6 63 635
6 64 330
6 65 125
6 66 473
6 67 956
6 68 838
6 69 684
6 70 126
6 71 775
6 72 565
6 73 828
6 74 603
6 75 117
6 76 793
6 77 988
6 78 801
6 79 127
6 80 737
6 81 790
6 82 479
6 83 185
6 84 614
6 85 637
6 86 587
6 87 492
6 88 136
6 89 564
6 90 790
6 91 900
6 92 245
6 93 978
6 94 273
6 95 964
6 96 739
6 97 342
6 98 101
6 99 534
7 1 432
7 2 192
7 3 289
7 4 366
7 5 955
7 6 880
7 8 127
7 9 631
7 10 498
7 11 470
7 12 735
7 13 852
7 14 464
7 15 776
7 16 155
7 17 740
7 18 882
7 19 734
7 20 825
7 21 174
7 22 741
7 23 667
7 24 815
7 25 571
7 26 611
7 27 717
7 28 904
7 29 311
7 30 718
7 31 489
7 32 341
7 33 118
7 34 443
7 35 396
7 36 397
7 37 567
7 38 887
7 39 291
7 40 402
7 41 367
7 42 981
7 43 724
7 44 750
7 45 776
7 46 565
7 47 118
7 48 882
7 49 356
7 50 940
7 51 171
7 52 650
7 53 475
7 54 910
7 55 614
7 56 884
7 57 383
7 58 838
7 59 416
7 60 586
7 61 157
7 62 136
7 63 230
7 64 554
7 65 340
7 66 595
7 67 435
7 68 111
7 69 784
7 70 153
7 71 391
7 72 121
7 73 499
7 74 654
7 75 682
7 76 565
7 77 440
7 78 335
7 79 264
7 80 842
7 81 536
7 82 839
7 83 323
7 84 744
7 85 516
7 86 886
7 87 994
7 88 574
7 89 260
7 90 114
7 91 563
7 92 980
7 93 928
7 94 325
7 95 468
7 96 687
7 97 411
7 98 762
7 99 635
8 1 586
8 2 900
8 3 774
8 4 724
8 5 226
8 6 967
8 7 127
8 9 206
8 10 440
8 11 423
8 12 570
8 13 196
8 14 848
8 15 417
8 16 377
8 17 516
8 18 470
8 19 695
8 20 130
8 21 612
8 22 952
8 23 585
8 24 429
8 25 518
8 26 219
8 27 380
8 28 302
8 29 545
8 30 571
8 31 663
8 32 631
8 33 584
8 34 648
8 35 779
8 36 820
8 37 791
8 38 113
8 39 870
8 40 493
8 41 622
8 42 228
8 43 633
8 44 506
8 45 678
8 46 782
8 47 404
8 48 277
8 49 647
8 50 748
8 51 449
8 52 467
8 53 603
8 54 321
8 55 765
8 56 997
8 57 632
8 58 544
8 59 850
8 60 811
8 61 801
8 62 754
8 63 801
8 64 420
8 65 816
8 66 693
8 67 734
8 68 545
8 69 125
8 70 630
8 71 800
8 72 192
8 73 356
8 74 975
8 75 335
8 76 784
8 77 198
8 78 786
8 79 841
8 80 777
8 81 809
8 82 409
8 83 196
8 84 715
8 85 601
8 86 345
8 87 398
8 88 392
8 89 914
8 90 367
8 91 152
8 92 866
8 93 152
8 94 501
8 95 292
8 96 144
8 97 186
8 98 430
8 99 552
9 1 571
9 2 546
9 3 356
9 4 263
9 5 162
9 6 234
9 7 631
9 8 206
9 10 236
9 11 456
9 12 894
9 13 112
9 14 164
9 15 139
9 16 536
9 17 920
9 18 540
9 19 862
9 20 491
9 21 117
9 22 740
9 23 594
9 24 544
9 25 495
9 26 305
9 27 420
9 28 641
9 29 846
9 30 900
9 31 518
9 32 183
9 33 302
9 34 830
9 35 142
9 36 563
9 37 943
9 38 372
9 39 247
9 40 132
9 41 212
9 42 828
9 43 756
9 44 611
9 45 134
9 46 987
9 47 240
9 48 342
9 49 940
9 50 533
9 51 565
9 52 672
9 53 206
9 54 839
9 55 348
9 56 617
9 57 620
9 58 454
9 59 595
9 60 533
9 61 286
9 62 303
9 63 810
9 64 669
9 65 166
9 66 183
9 67 418
9 68 754
9 69 583
9 70 257
9 71 685
9 72 121
9 73 963
9 74 918
9 75 733
9 76 755
9 77 575
9 78 940
9 79 599
9 80 682
9 81 474
9 82 485
9 83 670
9 84 181
9 85 876
9 86 506
9 87 832
9 88 904
9 89 934
9 90 803
9 91 278
9 92 245
9 93 524
9 94 102
9 95 572
9 96 265
9 97 637
9 98 149
9 99 309
10 1 907
10 2 763
10 3 802
10 4 376
10 5 505
10 6 807
10 7 498
10 8 440
10 9 236
10 11 541
10 12 317
10 13 975
10 14 452
10 15 723
10 16 515
10 17 144
10 18 281
10 19 564
10 20 310
10 21 753
10 22 295
10 23 555
10 24 468
10 25 640
10 26 527
10 27 142
10 28 661
10 29 589
10 30 332
10 31 454
10 32 704
10 33 459
10 34 238
10 35 862
10 36 746
10 37 771
10 38 557
10 39 531
10 40 141
10 41 198
10 42 623
10 43 467
10 44 970
10 45 582
10 46 415
10 47 559
10 48 356
10 49 836
10 50 843
10 51 703
10 52 812
10 53 950
10 54 259
10 55 899
10 56 921
10 57 309
10 58 130
10 59 995
10 60 734
10 61 840
10 62 941
10 63 755
10 64 462
10 65 197
10 66 435
10 67 652
10 68 964
10 69 442
10 70 971
10 71 913
10 72 258
10 73 962
10 74 791
10 75 461
10 76 776
10 77 976
10 78 872
10 79 409
10 80 310
10 81 132
10 82 597
10 83 196
10 84 825
10 85 358
10 86 193
10 87 741
10 88 967
10 89 322
10 90 425
10 91 812
10 92 523
10 93 966
10 94 885
10 95 729
10 96 692
10 97 927
10 98 841
10 99 111
11 1 504
11 2 558
11 3 461
11 4 586
11 5 518
11 6 452
11 7 470
11 8 423
11 9 456
11 10 541
11 12 146
11 13 130
11 14 781
11 15 359
11 16 464
11 17 141
11 18 464
11 19 744
11 20 575
11 21 272
11 22 318
11 23 656
11 24 444
11 25 802
11 26 259
11 27 450
11 28 294
11 29 713
11 30 833
11 31 932
11 32 783
11 33 367
11 34 365
11 35 231
11 36 134
11 37 150
11 38 506
11 39 417
11 40 865
11 41 342
11 42 449
11 43 339
11 44 774
11 45 414
11 46 445
11 47 690
11 48 844
11 49 213
11 50 645
11 51 861
11 52 364
11 53 887
11 54 193
11 55 679
11 56 107
11 57 180
11 58 616
11 59 366
11 60 353
11 61 758
11 62 156
11 63 749
11 64 877
11 65 830
11 66 903
11 67 587
11 68 225
11 69 136
11 70 631
11 71 226
11 72 811
11 73 242
11 74 747
11 75 234
11 76 873
11 77 682
11 78 216
11 79 603
11 80 283
11 81 425
11 82 861
11 83 704
11 84 642
11 85 334
11 86 344
11 87 513
11 88 398
11 89 251
11 90 764
11 91 295
11 92 550
11 93 905
11 94 614
11 95 914
11 96 253
11 97 434
11 98 325
11 99 264
12 1 273
12 2 366
12 3 794
12 4 940
12 5 646
12 6 968
12 7 735
12 8 570
12 9 894
12 10 317
12 11 146
12 13 572
12 14 452
12 15 747
12 16 742
12 17 607
12 18 315
12 19 448
12 20 225
12 21 571
12 22 724
12 23 620
12 24 108
12 25 817
12 26 615
12 27 109
12 28 532
12 29 506
12 30 725
12 31 790
12 32 895
12 33 182
12 34 326
12 35 665
12 36 120
12 37 828
12 38 706
12 39 376
12 40 396
12 41 916
12 42 191
12 43 750
12 44 710
12 45 898
12 46 206
12 47 671
12 48 204
12 49 158
12 50 530
12 51 122
12 52 926
12 53 635
12 54 340
12 55 622
12 56 409
12 57 521
12 58 978
12 59 105
12 60 309
12 61 848
12 62 985
12 63 504
12 64 151
12 65 654
12 66 653
12 67 251
12 68 162
12 69 470
12 70 287
12 71 736
12 72 209
12 73 451
12 74 711
12 75 540
12 76 818
12 77 395
12 78 466
12 79 570
12 80 350
12 81 254
12 82 121
12 83 154
12 84 241
12 85 206
12 86 682
12 87 976
12 88 150
12 89 408
12 90 196
12 91 910
12 92 142
12 93 411
12 94 577
12 95 994
12 96 573
12 97 109
12 98 979
12 99 713
13 1 524
13 2 259
13 3 580
13 4 825
13 5 484
13 6 723
13 7 852
13 8 196
13 9 112
13 10 975
13 11 130
13 12 572
13 14 139
13 15 572
13 16 598
13 17 826
13 18 691
13 19 557
13 20 463
13 21 589
13 22 349
13 23 103
13 24 847
13 25 540
13 26 627
13 27 603
13 28 465
13 29 509
13 30 658
13 31 679
13 32 962
13 33 738
13 34 263
13 35 143
13 36 315
13 37 369
13 38 919
13 39 838
13 40 338
13 41 885
13 42 236
13 43 295
13 44 968
13 45 812
13 46 305
13 47 178
13 48 101
13 49 391
13 50 378
13 51 675
13 52 873
13 53 433
13 54 107
13 55 377
13 56 904
13 57 317
13 58 779
13 59 286
13 60 595
13 61 447
13 62 617
13 63 317
13 64 141
13 65 799
13 66 691
13 67 253
13 68 937
13 69 353
13 70 943
13 71 362
13 72 421
13 73 725
13 74 909
13 75 565
13 76 430
13 77 247
13 78 676
13 79 478
13 80 203
13 81 958
13 82 983
13 83 926
13 84 384
13 85 720
13 86 370
13 87 924
13 88 876
13 89 685
13 90 165
13 91 865
13 92 519
13 93 911
13 94 561
13 95 417
13 96 623
13 97 260
13 98 629
13 99 379
14 1 247
14 2 469
14 3 105
14 4 533
14 5 414
14 6 249
14 7 464
14 8 848
14 9 164
14 10 452
14 11 781
14 12 452
14 13 139
14 15 505
14 16 858
14 17 300
14 18 132
14 19 462
14 20 294
14 21 811
14 22 894
14 23 179
14 24 406
14 25 942
14 26 223
14 27 801
14 28 973
14 29 143
14 30 361
14 31 457
14 32 301
14 33 885
14 34 122
14 35 870
14 36 809
14 37 708
14 38 215
14 39 495
14 40 593
14 41 869
14 42 452
14 43 103
14 44 719
14 45 224
14 46 421
14 47 701
14 48 333
14 49 293
14 50 338
14 51 723
14 52 691
14 53 150
14 54 200
14 55 297
14 56 431
14 57 219
14 58 134
14 59 999
14 60 144
14 61 177
14 62 359
14 63 510
14 64 305
14 65 609
14 66 200
14 67 623
14 68 538
14 69 222
14 70 105
14 71 571
14 72 955
14 73 957
14 74 833
14 75 733
14 76 414
14 77 109
14 78 398
14 79 818
14 80 400
14 81 101
14 82 285
14 83 688
14 84 779
14 85 814
14 86 566
14 87 551
14 88 949
14 89 546
14 90 933
14 91 718
14 92 128
14 93 726
14 94 559
14 95 927
14 96 718
14 97 494
14 98 325
14 99 723
15 1 381
15 2 413
15 3 207
15 4 323
15 5 196
15 6 269
15 7 776
15 8 417
15 9 139
15 10 723
15 11 359
15 12 747
15 13 572
15 14 505
15 16 167
15 17 514
15 18 596
15 19 934
15 20 725
15 21 463
15 22 945
15 23 748
15 24 178
15 25 273
15 26 527
15 27 358
15 28 847
15 29 844
15 30 281
15 31 734
15 32 191
15 33 235
15 34 117
15 35 894
15 36 364
15 37 597
15 38 715
15 39 285
15 40 657
15 41 785
15 42 915
15 43 682
15 44 623
15 45 944
15 46 614
15 47 786
15 48 357
15 49 136
15 50 419
15 51 965
15 52 873
15 53 730
15 54 605
15 55 999
15 56 445
15 57 379
15 58 919
15 59 287
15 60 825
15 61 239
15 62 557
15 63 344
15 64 878
15 65 723
15 66 511
15 67 838
15 68 617
15 69 906
15 70 122
15 71 317
15 72 672
15 73 834
15 74 755
15 75 355
15 76 300
15 77 519
15 78 385
15 79 597
15 80 697
15 81 407
15 82 642
15 83 351
15 84 246
15 85 522
15 86 114
15 87 843
15 88 464
15 89 927
15 90 870
15 91 848
15 92 868
15 93 986
15 94 214
15 95 593
15 96 523
15 97 963
15 98 427
15 99 692
16 1 425
16 2 808
16 3 578
16 4 204
16 5 407
16 6 651
16 7 155
16 8 377
16 9 536
16 10 515
16 11 464
16 12 742
16 13 598
16 14 858
16 15 167
16 17 730
16 18 862
16 19 495
16 20 455
16 21 915
16 22 846
16 23 335
16 24 645
16 25 340
16 26 380
16 27 125
16 28 597
16 29 240
16 30 614
16 31 818
16 32 992
16 33 464
16 34 770
16 35 425
16 36 548
16 37 270
16 38 747
16 39 194
16 40 392
16 41 849
16 42 699
16 43 990
16 44 473
16 45 418
16 46 264
16 47 294
16 48 474
16 49 997
16 50 597
16 51 550
16 52 853
16 53 138
16 54 796
16 55 665
16 56 581
16 57 530
16 58 421
16 59 973
16 60 256
16 61 291
16 62 167
16 63 534
16 64 143
16 65 317
16 66 867
16 67 362
16 68 872
16 69 369
16 70 140
16 71 132
16 72 991
16 73 591
16 74 725
16 75 242
16 76 531
16 77 694
16 78 917
16 79 869
16 80 105
16 81 374
16 82 308
16 83 438
16 84 977
16 85 859
16 86 968
16 87 650
16 88 229
16 89 567
16 90 508
16 91 757
16 92 886
16 93 748
16 94 726
16 95 634
16 96 573
16 97 280
16 98 345
16 99 607
17 1 318
17 2 138
17 3 746
17 4 996
17 5 404
17 6 387
17 7 740
17 8 516
17 9 920
17 10 144
17 11 141
17 12 607
17 13 826
17 14 300
17 15 514
17 16 730
17 18 108
17 19 275
17 20 675
17 21 313
17 22 375
17 23 330
17 24 400
17 25 787
17 26 880
17 27 988
17 28 156
17 29 754
17 30 568
17 31 303
17 32 335
17 33 423
17 34 833
17 35 319
17 36 238
17 37 663
17 38 703
17 39 821
17 40 619
17 41 423
17 42 616
17 43 507
17 44 280
17 45 849
17 46 849
17 47 468
17 48 844
17 49 550
17 50 348
17 51 740
17 52 385
17 53 112
17 54 834
17 55 793
17 56 535
17 57 335
17 58 267
17 59 216
17 60 951
17 61 337
17 62 631
17 63 547
17 64 731
17 65 335
17 66 168
17 67 308
17 68 759
17 69 725
17 70 266
17 71 745
17 72 398
17 73 730
17 74 737
17 75 114
17 76 134
17 77 986
17 78 246
17 79 580
17 80 536
17 81 927
17 82 410
17 83 969
17 84 962
17 85 198
17 86 846
17 87 173
17 88 798
17 89 172
17 90 321
17 91 536
17 92 414
17 93 192
17 94 873
17 95 844
17 96 676
17 97 849
17 98 366
17 99 697
18 1 992
18 2 870
18 3 443
18 4 677
18 5 485
18 6 405
18 7 882
18 8 470
18 9 540
18 10 281
18 11 464
18 12 315
18 13 691
18 14 132
18 15 596
18 16 862
18 17 108
18 19 429
18 20 269
18 21 333
18 22 323
18 23 297
18 24 921
18 25 601
18 26 387
18 27 195
18 28 950
18 29 873
18 30 482
18 31 564
18 32 900
18 33 350
18 34 425
18 35 440
18 36 139
18 37 981
18 38 878
18 39 623
18 40 944
18 41 619
18 42 837
18 43 912
18 44 799
18 45 541
18 46 286
18 47 142
18 48 461
18 49 705
18 50 121
18 51 766
18 52 987
18 53 367
18 54 982
18 55 351
18 56 563
18 57 876
18 58 883
18 59 602
18 60 697
18 61 123
18 62 116
18 63 615
18 64 900
18 65 172
18 66 986
18 67 554
18 68 993
18 69 615
18 70 894
18 71 278
18 72 285
18 73 166
18 74 724
18 75 912
18 76 603
18 77 515
18 78 414
18 79 144
18 80 543
18 81 626
18 82 180
18 83 150
18 84 385
18 85 583
18 86 205
18 87 799
18 88 688
18 89 468
18 90 622
18 91 942
18 92 530
18 93 160
18 94 904
18 95 815
18 96 497
18 97 816
18 98 825
18 99 231
19 1 388
19 2 915
19 3 530
19 4 330
19 5 594
19 6 145
19 7 734
19 8 695
19 9 862
19 10 564
19 11 744
19 12 448
19 13 557
19 14 462
19 15 934
19 16 495
19 17 275
19 18 429
19 20 312
19 21 238
19 22 634
19 23 985
19 24 988
19 25 782
19 26 911
19 27 722
19 28 537
19 29 922
19 30 938
19 31 157
19 32 134
19 33 565
19 34 266
19 35 689
19 36 169
19 37 435
19 38 346
19 39 694
19 40 885
19 41 898
19 42 790
19 43 414
19 44 752
19 45 201
19 46 499
19 47 575
19 48 548
19 49 512
19 50 631
19 51 119
19 52 866
19 53 567
19 54 398
19 55 412
19 56 836
19 57 1000
19 58 635
19 59 880
19 60 844
19 61 646
19 62 965
19 63 436
19 64 284
19 65 105
19 66 755
19 67 141
19 68 556
19 69 723
19 70 651
19 71 131
19 72 467
19 73 451
19 74 966
19 75 391
19 76 102
19 77 439
19 78 427
19 79 120
19 80 664
19 81 977
19 82 649
19 83 149
19 84 681
19 85 935
19 86 685
19 87 984
19 88 550
19 89 565
19 90 443
19 91 404
19 92 468
19 93 481
19 94 957
19 95 290
19 96 868
19 97 656
19 98 380
19 99 153
20 1 101
20 2 688
20 3 209
20 4 701
20 5 890
20 6 791
20 7 825
20 8 130
20 9 491
20 10 310
20 11 575
20 12 225
20 13 463
20 14 294
20 15 725
20 16 455
20 17 675
20 18 269
20 19 312
20 21 634
20 22 255
20 23 718
20 24 741
20 25 439
20 26 863
20 27 931
20 28 385
20 29 216
20 30 799
20 31 778
20 32 212
20 33 673
20 34 216
20 35 477
20 36 665
20 37 697
20 38 208
20 39 357
20 40 383
20 41 586
20 42 267
20 43 229
20 44 943
20 45 165
20 46 373
20 47 315
20 48 358
20 49 913
20 50 375
20 51 196
20 52 778
20 53 331
20 54 674
20 55 743
20 56 550
20 57 213
20 58 795
20 59 823
20 60 370
20 61 128
20 62 187
20 63 595
20 64 333
20 65 371
20 66 280
20 67 754
20 68 770
20 69 315
20 70 572
20 71 953
20 72 585
20 73 395
20 74 651
20 75 555
20 76 546
20 77 668
20 78 356
20 79 746
20 80 240
20 81 117
20 82 544
20 83 820
20 84 795
20 85 308
20 86 701
20 87 561
20 88 580
20 89 517
20 90 940
20 91 242
20 92 681
20 93 702
20 94 187
20 95 896
20 96 161
20 97 899
20 98 162
20 99 725
21 1 310
21 2 108
21 3 862
21 4 681
21 5 426
21 6 216
21 7 174
21 8 612
21 9 117
21 10 753
21 11 272
21 12 571
21 13 589
21 14 811
21 15 463
21 16 915
21 17 313
21 18 333
21 19 238
21 20 634
21 22 819
21 23 980
21 24 947
21 25 108
21 26 244
21 27 715
21 28 274
21 29 963
21 30 847
21 31 676
21 32 314
21 33 203
21 34 729
21 35 594
21 36 847
21 37 243
21 38 208
21 39 733
21 40 959
21 41 567
21 42 394
21 43 467
21 44 708
21 45 844
21 46 441
21 47 322
21 48 567
21 49 195
21 50 709
21 51 502
21 52 308
21 53 406
21 54 668
21 55 979
21 56 449
21 57 487
21 58 251
21 59 449
21 60 637
21 61 735
21 62 556
21 63 396
21 64 149
21 65 114
21 66 502
21 67 162
21 68 992
21 69 551
21 70 741
21 71 114
21 72 916
21 73 571
21 74 927
21 75 535
21 76 272
21 77 944
21 78 821
21 79 484
21 80 713
21 81 785
21 82 663
21 83 581
21 84 995
21 85 396
21 86 238
21 87 325
21 88 222
21 89 893
21 90 125
21 91 215
21 92 148
21 93 525
21 94 896
21 95 394
21 96 617
21 97 415
21 98 110
21 99 620
22 1 150
22 2 678
22 3 123
22 4 569
22 5 651
22 6 727
22 7 741
22 8 952
22 9 740
22 10 295
22 11 318
22 12 724
22 13 349
22 14 894
22 15 945
22 16 846
22 17 375
22 18 323
22 19 634
22 20 255
22 21 819
22 23 603
22 24 193
22 25 131
22 26 493
22 27 399
22 28 790
22 29 133
22 30 562
22 31 772
22 32 817
22 33 193
22 34 874
22 35 700
22 36 274
22 37 487
22 38 479
22 39 288
22 40 616
22 41 959
22 42 193
22 43 903
22 44 159
22 45 971
22 46 200
22 47 800
22 48 408
22 49 915
22 50 936
22 51 629
22 52 139
22 53 427
22 54 623
22 55 595
22 56 277
22 57 605
22 58 109
22 59 138
22 60 482
22 61 726
22 62 979
22 63 557
22 64 933
22 65 419
22 66 446
22 67 736
22 68 214
22 69 811
22 70 130
22 71 621
22 72 588
22 73 197
22 74 431
22 75 511
22 76 674
22 77 795
22 78 739
22 79 831
22 80 951
22 81 858
22 82 801
22 83 933
22 84 508
22 85 303
22 86 561
22 87 706
22 88 883
22 89 342
22 90 828
22 91 862
22 92 252
22 93 522
22 94 583
22 95 422
22 96 661
22 97 231
22 98 858
22 99 901
23 1 707
23 2 845
23 3 568
23 4 344
23 5 324
23 6 200
23 7 667
23 8 585
23 9 594
23 10 555
23 11 656
23 12 620
23 13 103
23 14 179
23 15 748
23 16 335
23 17 330
23 18 297
23 19 985
23 20 718
23 21 980
23 22 603
23 24 596
23 25 477
23 26 432
23 27 518
23 28 417
23 29 992
23 30 921
23 31 939
23 32 366
23 33 252
23 34 208
23 35 728
23 36 667
23 37 216
23 38 197
23 39 350
23 40 636
23 41 657
23 42 749
23 43 388
23 44 939
23 45 650
23 46 310
23 47 559
23 48 777
23 49 301
23 50 793
23 51 389
23 52 731
23 53 663
23 54 324
23 55 749
23 56 890
23 57 318
23 58 413
23 59 918
23 60 967
23 61 685
23 62 708
23 63 736
23 64 191
23 65 479
23 66 485
23 67 321
23 68 391
23 69 819
23 70 477
23 71 520
23 72 862
23 73 300
23 74 180
23 75 295
23 76 688
23 77 603
23 78 181
23 79 455
23 80 965
23 81 553
23 82 485
23 83 943
23 84 426
23 85 569
23 86 348
23 87 661
23 88 486
23 89 842
23 90 804
23 91 589
23 92 176
23 93 202
23 94 107
23 95 379
23 96 727
23 97 851
23 98 992
23 99 493
24 1 213
24 2 315
24 3 760
24 4 303
24 5 774
24 6 562
24 7 815
24 8 429
24 9 544
24 10 468
24 11 444
24 12 108
24 13 847
24 14 406
24 15 178
24 16 645
24 17 400
24 18 921
24 19 988
24 20 741
24 21 947
24 22 193
24 23 596
24 25 762
24 26 438
24 27 383
24 28 777
24 29 200
24 30 582
24 31 643
24 32 225
24 33 238
24 34 496
24 35 436
24 36 470
24 37 702
24 38 447
24 39 906
24 40 930
24 41 680
24 42 267
24 43 746
24 44 407
24 45 891
24 46 259
24 47 198
24 48 721
24 49 322
24 50 697
24 51 549
24 52 166
24 53 748
24 54 817
24 55 878
24 56 797
24 57 899
24 58 387
24 59 877
24 60 925
24 61 212
24 62 269
24 63 572
24 64 698
24 65 990
24 66 880
24 67 511
24 68 987
24 69 899
24 70 392
24 71 846
24 72 534
24 73 685
24 74 710
24 75 639
24 76 359
24 77 387
24 78 255
24 79 933
24 80 709
24 81 585
24 82 703
24 83 197
24 84 673
24 85 201
24 86 768
24 87 933
24 88 184
24 89 415
24 90 377
24 91 762
24 92 182
24 93 586
24 94 156
24 95 552
24 96 359
24 97 441
24 98 484
24 99 428
25 1 605
25 2 900
25 3 836
25 4 266
25 5 539
25 6 343
25 7 571
25 8 518
25 9 495
25 10 640
25 11 802
25 12 817
25 13 540
25 14 942
25 15 273
25 16 340
25 17 787
25 18 601
25 19 782
25 20 439
25 21 108
25 22 131
25 23 477
25 24 762
25 26 413
25 27 305
25 28 489
25 29 116
25 30 579
25 31 384
25 32 555
25 33 961
25 34 479
25 35 976
25 36 647
25 37 644
25 38 108
25 39 571
25 40 153
25 41 548
25 42 952
25 43 381
25 44 980
25 45 128
25 46 549
25 47 799
25 48 741
25 49 262
25 50 693
25 51 563
25 52 900
25 53 686
25 54 637
25 55 994
25 56 237
25 57 202
25 58 242
25 59 467
25 60 541
25 61 180
25 62 633
25 63 714
25 64 159
25 65 345
25 66 166
25 67 884
25 68 321
25 69 752
25 70 501
25 71 568
25 72 731
25 73 656
25 74 168
25 75 682
25 76 782
25 77 875
25 78 774
25 79 527
25 80 322
25 81 843
25 82 900
25 83 440
25 84 678
25 85 891
25 86 213
25 87 707
25 88 479
25 89 500
25 90 812
25 91 219
25 92 681
25 93 752
25 94 328
25 95 399
25 96 800
25 97 593
25 98 129
25 99 535
26 1 456
26 2 223
26 3 432
26 4 357
26 5 509
26 6 842
26 7 611
26 8 219
26 9 305
26 10 527
26 11 259
26 12 615
26 13 627
26 14 223
26 15 527
26 16 380
26 17 880
26 18 387
26 19 911
26 20 863
26 21 244
26 22 493
26 23 432
26 24 438
26 25 413
26 27 557
26 28 331
26 29 318
26 30 402
26 31 761
26 32 871
26 33 309
26 34 963
26 35 319
26 36 211
26 37 793
26 38 987
26 39 232
26 40 967
26 41 426
26 42 551
26 43 492
26 44 565
26 45 639
26 46 480
26 47 658
26 48 374
26 49 355
26 50 134
26 51 885
26 52 206
26 53 680
26 54 410
26 55 583
26 56 127
26 57 253
26 58 688
26 59 814
26 60 877
26 61 358
26 62 175
26 63 243
26 64 783
26 65 310
26 66 202
26 67 128
26 68 514
26 69 352
26 70 688
26 71 576
26 72 978
26 73 494
26 74 596
26 75 590
26 76 609
26 77 892
26 78 369
26 79 632
26 80 750
26 81 350
26 82 702
26 83 840
26 84 624
26 85 536
26 86 479
26 87 314
26 88 362
26 89 408
26 90 871
26 91 812
26 92 380
26 93 806
26 94 780
26 95 739
26 96 381
26 97 250
26 98 740
26 99 898
27 1 785
27 2 677
27 3 655
27 4 695
27 5 799
27 6 713
27 7 717
27 8 380
27 9 420
27 10 142
27 11 450
27 12 109
27 13 603
27 14 801
27 15 358
27 16 125
27 17 988
27 18 195
27 19 722
27 20 931
27 21 715
27 22 399
27 23 518
27 24 383
27 25 305
27 26 557
27 28 449
27 29 305
27 30 594
27 31 641
27 32 338
27 33 217
27 34 661
27 35 914
27 36 264
27 37 346
27 38 630
27 39 536
27 40 793
27 41 987
27 42 874
27 43 143
27 44 746
27 45 813
27 46 265
27 47 331
27 48 614
27 49 879
27 50 443
27 51 189
27 52 407
27 53 221
27 54 600
27 55 668
27 56 541
27 57 900
27 58 427
27 59 751
27 60 922
27 61 392
27 62 464
27 63 747
27 64 698
27 65 210
27 66 200
27 67 471
27 68 249
27 69 322
27 70 890
27 71 179
27 72 618
27 73 190
27 74 233
27 75 667
27 76 478
27 77 568
27 78 376
27 79 694
27 80 850
27 81 318
27 82 864
27 83 524
27 84 667
27 85 994
27 86 391
27 87 194
27 88 402
27 89 680
27 90 556
27 91 832
27 92 274
27 93 747
27 94 586
27 95 375
27 96 397
27 97 503
27 98 772
27 99 172
28 1 906
28 2 319
28 3 515
28 4 157
28 5 987
28 6 131
28 7 904
28 8 302
28 9 641
28 10 661
28 11 294
28 12 532
28 13 465
28 14 973
28 15 847
28 16 597
28 17 156
28 18 950
28 19 537
28 20 385
28 21 274
28 22 790
28 23 417
28 24 777
28 25 489
28 26 331
28 27 449
28 29 700
28 30 506
28 31 474
28 32 601
28 33 773
28 34 187
28 35 306
28 36 599
28 37 193
28 38 548
28 39 573
28 40 486
28 41 488
28 42 516
28 43 103
28 44 751
28 45 597
28 46 337
28 47 145
28 48 596
28 49 670
28 50 615
28 51 486
28 52 881
28 53 304
28 54 491
28 55 531
28 56 359
28 57 827
28 58 682
28 59 191
28 60 936
28 61 598
28 62 278
28 63 131
28 64 620
28 65 290
28 66 541
28 67 554
28 68 487
28 69 190
28 70 393
28 71 780
28 72 705
28 73 807
28 74 900
28 75 849
28 76 653
28 77 132
28 78 312
28 79 542
28 80 637
28 81 537
28 82 710
28 83 588
28 84 421
28 85 908
28 86 986
28 87 617
28 88 731
28 89 582
28 90 381
28 91 277
28 92 476
28 93 141
28 94 305
28 95 422
28 96 410
28 97 493
28 98 484
28 99 647
29 1 304
29 2 802
29 3 137
29 4 754
29 5 279
29 6 131
29 7 311
29 8 545
29 9 846
29 10 589
29 11 713
29 12 506
29 13 509
29 14 143
29 15 844
29 16 240
29 17 754
29 18 873
29 19 922
29 20 216
29 21 963
29 22 133
29 23 992
29 24 200
29 25 116
29 26 318
29 27 305
29 28 700
29 30 687
29 31 633
29 32 893
29 33 811
29 34 307
29 35 431
29 36 740
29 37 958
29 38 134
29 39 586
29 40 658
29 41 269
29 42 629
29 43 815
29 44 665
29 45 538
29 46 764
29 47 740
29 48 431
29 49 964
29 50 249
29 51 324
29 52 750
29 53 352
29 54 696
29 55 937
29 56 930
29 57 605
29 58 911
29 59 766
29 60 381
29 61 752
29 62 937
29 63 183
29 64 219
29 65 204
29 66 626
29 67 720
29 68 111
29 69 688
29 70 857
29 71 222
29 72 223
29 73 626
29 74 160
29 75 957
29 76 470
29 77 260
29 78 894
29 79 321
29 80 931
29 81 556
29 82 286
29 83 810
29 84 284
29 85 139
29 86 215
29 87 493
29 88 246
29 89 207
29 90 385
29 91 395
29 92 438
29 93 621
29 94 600
29 95 180
29 96 598
29 97 649
29 98 262
29 99 622
30 1 575
30 2 382
30 3 393
30 4 458
30 5 537
30 6 448
30 7 718
30 8 571
30 9 900
30 10 332
30 11 833
30 12 725
30 13 658
30 14 361
30 15 281
30 16 614
30 17 568
30 18 482
30 19 938
30 20 799
30 21 847
30 22 562
30 23 921
30 24 582
30 25 579
30 26 402
30 27 594
30 28 506
30 29 687
30 31 744
30 32 903
30 33 382
30 34 744
30 35 960
30 36 637
30 37 572
30 38 234
30 39 504
30 40 711
30 41 173
30 42 948
30 43 919
30 44 244
30 45 179
30 46 804
30 47 662
30 48 679
30 49 512
30 50 410
30 51 946
30 52 756
30 53 927
30 54 458
30 55 649
30 56 218
30 57 440
30 58 924
30 59 874
30 60 445
30 61 134
30 62 531
30 63 805
30 64 638
30 65 963
30 66 667
30 67 711
30 68 602
30 69 749
30 70 295
30 71 929
30 72 697
30 73 335
30 74 640
30 75 650
30 76 311
30 77 855
30 78 813
30 79 294
30 80 294
30 81 821
30 82 775
30 83 982
30 84 913
30 85 383
30 86 998
30 87 426
30 88 438
30 89 580
30 90 812
30 91 686
30 92 228
30 93 773
30 94 150
30 95 424
30 96 357
30 97 637
30 98 807
30 99 273
31 1 101
31 2 759
31 3 605
31 4 720
31 5 267
31 6 386
31 7 489
31 8 663
31 9 518
31 10 454
31 11 932
31 12 790
31 13 679
31 14 457
31 15 734
31 16 818
31 17 303
31 18 564
31 19 157
31 20 778
31 21 676
31 22 772
31 23 939
31 24 643
31 25 384
31 26 761
31 27 641
31 28 474
31 29 633
31 30 744
31 32 967
31 33 988
31 34 744
31 35 286
31 36 473
31 37 517
31 38 914
31 39 245
31 40 469
31 41 214
31 42 361
31 43 917
31 44 825
31 45 929
31 46 457
31 47 767
31 48 492
31 49 868
31 50 645
31 51 939
31 52 216
31 53 885
31 54 466
31 55 755
31 56 163
31 57 845
31 58 796
31 59 810
31 60 330
31 61 194
31 62 242
31 63 173
31 64 655
31 65 462
31 66 338
31 67 877
31 68 422
31 69 840
31 70 375
31 71 594
31 72 160
31 73 991
31 74 212
31 75 403
31 76 526
31 77 835
31 78 695
31 79 509
31 80 830
31 81 245
31 82 505
31 83 214
31 84 610
31 85 225
31 86 123
31 87 997
31 88 275
31 89 156
31 90 235
31 91 913
31 92 841
31 93 211
31 94 830
31 95 294
31 96 288
31 97 984
31 98 197
31 99 175
32 1 656
32 2 463
32 3 993
32 4 842
32 5 751
32 6 989
32 7 341
32 8 631
32 9 183
32 10 704
32 11 783
32 12 895
32 13 962
32 14 301
32 15 191
32 16 992
32 17 335
32 18 900
32 19 134
32 20 212
32 21 314
32 22 817
32 23 366
32 24 225
32 25 555
32 26 871
32 27 338
32 28 601
32 29 893
32 30 903
32 31 967
32 33 860
32 34 547
32 35 358
32 36 429
32 37 967
32 38 762
32 39 501
32 40 964
32 41 271
32 42 202
32 43 199
32 44 889
32 45 585
32 46 530
32 47 300
32 48 896
32 49 833
32 50 578
32 51 817
32 52 710
32 53 640
32 54 912
32 55 394
32 56 603
32 57 832
32 58 171
32 59 653
32 60 315
32 61 994
32 62 149
32 63 333
32 64 975
32 65 207
32 66 816
32 67 344
32 68 141
32 69 606
32 70 143
32 71 547
32 72 936
32 73 862
32 74 669
32 75 141
32 76 777
32 77 468
32 78 768
32 79 613
32 80 834
32 81 605
32 82 682
32 83 626
32 84 518
32 85 857
32 86 555
32 87 950
32 88 455
32 89 403
32 90 874
32 91 522
32 92 606
32 93 580
32 94 669
32 95 260
32 96 713
32 97 867
32 98 579
32 99 365
33 1 206
33 2 211
33 3 444
33 4 955
33 5 905
33 6 969
33 7 118
33 8 584
33 9 302
33 10 459
33 11 367
33 12 182
33 13 738
33 14 885
33 15 235
33 16 464
33 17 423
33 18 350
33 19 565
33 20 673
33 21 203
33 22 193
33 23 252
33 24 238
33 25 961
33 26 309
33 27 217
33 28 773
33 29 811
33 30 382
33 31 988
33 32 860
33 34 880
33 35 479
33 36 637
33 37 565
33 38 418
33 39 483
33 40 774
33 41 357
33 42 347
33 43 403
33 44 203
33 45 626
33 46 827
33 47 776
33 48 250
33 49 691
33 50 977
33 51 252
33 52 854
33 53 410
33 54 596
33 55 321
33 56 809
33 57 667
33 58 951
33 59 607
33 60 721
33 61 468
33 62 422
33 63 891
33 64 966
33 65 693
33 66 494
33 67 570
33 68 554
33 69 545
33 70 110
33 71 344
33 72 905
33 73 940
33 74 393
33 75 824
33 76 641
33 77 507
33 78 930
33 79 373
33 80 951
33 81 626
33 82 240
33 83 933
33 84 488
33 85 503
33 86 629
33 87 573
33 88 318
33 89 497
33 90 305
33 91 638
33 92 436
33 93 769
33 94 627
33 95 860
33 96 300
33 97 359
33 98 935
33 99 100
34 1 572
34 2 378
34 3 190
34 4 334
34 5 418
34 6 737
34 7 443
34 8 648
34 9 830
34 10 238
34 11 365
34 12 326
34 13 263
34 14 122
34 15 117
34 16 770
34 17 833
34 18 425
34 19 266
34 20 216
34 21 729
34 22 874
34 23 208
34 24 496
34 25 479
34 26 963
34 27 661
34 28 187
34 29 307
34 30 744
34 31 744
34 32 547
34 33 880
34 35 397
34 36 148
34 37 487
34 38 575
34 39 590
34 40 143
34 41 702
34 42 896
34 43 523
34 44 479
34 45 375
34 46 606
34 47 504
34 48 988
34 49 979
34 50 834
34 51 255
34 52 627
34 53 411
34 54 979
34 55 627
34 56 921
34 57 686
34 58 358
34 59 565
34 60 685
34 61 105
34 62 421
34 63 782
34 64 219
34 65 835
34 66 560
34 67 618
34 68 562
34 69 770
34 70 123
34 71 711
34 72 969
34 73 639
34 74 585
34 75 439
34 76 300
34 77 775
34 78 808
34 79 380
34 80 831
34 81 771
34 82 386
34 83 184
34 84 1000
34 85 442
34 86 903
34 87 169
34 88 402
34 89 106
34 90 902
34 91 425
34 92 317
34 93 485
34 94 162
34 95 587
34 96 319
34 97 425
34 98 354
34 99 418
35 1 367
35 2 380
35 3 443
35 4 883
35 5 663
35 6 611
35 7 396
35 8 779
35 9 142
35 10 862
35 11 231
35 12 665
35 13 143
35 14 870
35 15 894
35 16 425
35 17 319
35 18 440
35 19 689
35 20 477
35 21 594
35 22 700
35 23 728
35 24 436
35 25 976
35 26 319
35 27 914
35 28 306
35 29 431
35 30 960
35 31 286
35 32 358
35 33 479
35 34 397
35 36 454
35 37 981
35 38 958
35 39 755
35 40 884
35 41 606
35 42 835
35 43 697
35 44 311
35 45 349
35 46 126
35 47 611
35 48 834
35 49 146
35 50 965
35 51 595
35 52 702
35 53 370
35 54 419
35 55 774
35 56 766
35 57 127
35 58 233
35 59 943
35 60 860
35 61 178
35 62 651
35 63 923
35 64 609
35 65 922
35 66 568
35 67 968
35 68 238
35 69 429
35 70 430
35 71 667
35 72 698
35 73 266
35 74 1000
35 75 437
35 76 404
35 77 707
35 78 458
35 79 980
35 80 602
35 81 398
35 82 472
35 83 131
35 84 510
35 85 143
35 86 235
35 87 938
35 88 174
35 89 680
35 90 332
35 91 703
35 92 813
35 93 504
35 94 782
35 95 690
35 96 159
35 97 700
35 98 517
35 99 921
36 1 258
36 2 925
36 3 726
36 4 356
36 5 732
36 6 572
36 7 397
36 8 820
36 9 563
36 10 746
36 11 134
36 12 120
36 13 315
36 14 809
36 15 364
36 16 548
36 17 238
36 18 139
36 19 169
36 20 665
36 21 847
36 22 274
36 23 667
36 24 470
36 25 647
36 26 211
36 27 264
36 28 599
36 29 740
36 30 637
36 31 473
36 32 429
36 33 637
36 34 148
36 35 454
36 37 984
36 38 820
36 39 514
36 40 770
36 41 796
36 42 107
36 43 996
36 44 157
36 45 297
36 46 785
36 47 730
36 48 755
36 49 359
36 50 127
36 51 512
36 52 148
36 53 288
36 54 147
36 55 409
36 56 489
36 57 938
36 58 765
36 59 344
36 60 972
36 61 810
36 62 802
36 63 810
36 64 913
36 65 932
36 66 254
36 67 230
36 68 854
36 69 544
36 70 401
36 71 691
36 72 281
36 73 605
36 74 315
36 75 986
36 76 120
36 77 764
36 78 925
36 79 513
36 80 288
36 81 680
36 82 201
36 83 175
36 84 998
36 85 319
36 86 110
36 87 816
36 88 713
36 89 570
36 90 559
36 91 933
36 92 719
36 93 552
36 94 332
36 95 190
36 96 400
36 97 446
36 98 117
36 99 817
37 1 991
37 2 632
37 3 293
37 4 649
37 5 197
37 6 661
37 7 567
37 8 791
37 9 943
37 10 771
37 11 150
37 12 828
37 13 369
37 14 708
37 15 597
37 16 270
37 17 663
37 18 981
37 19 435
37 20 697
37 21 243
37 22 487
37 23 216
37 24 702
37 25 644
37 26 793
37 27 346
37 28 193
37 29 958
37 30 572
37 31 517
37 32 967
37 33 565
37 34 487
37 35 981
37 36 984
37 38 646
37 39 586
37 40 183
37 41 242
37 42 181
37 43 431
37 44 611
37 45 405
37 46 663
37 47 987
37 48 684
37 49 391
37 50 246
37 51 342
37 52 812
37 53 525
37 54 725
37 55 479
37 56 586
37 57 101
37 58 258
37 59 418
37 60 682
37 61 582
37 62 326
37 63 474
37 64 918
37 65 396
37 66 906
37 67 399
37 68 650
37 69 348
37 70 622
37 71 855
37 72 961
37 73 667
37 74 499
37 75 527
37 76 100
37 77 804
37 78 488
37 79 844
37 80 837
37 81 887
37 82 317
37 83 625
37 84 932
37 85 222
37 86 100
37 87 615
37 88 185
37 89 280
37 90 637
37 91 524
37 92 770
37 93 127
37 94 400
37 95 299
37 96 124
37 97 752
37 98 194
37 99 885
38 1 763
38 2 535
38 3 320
38 4 898
38 5 691
38 6 882
38 7 887
38 8 113
38 9 372
38 10 557
38 11 506
38 12 706
38 13 919
38 14 215
38 15 715
38 16 747
38 17 703
38 18 878
38 19 346
38 20 208
38 21 208
38 22 479
38 23 197
38 24 447
38 25 108
38 26 987
38 27 630
38 28 548
38 29 134
38 30 234
38 31 914
38 32 762
38 33 418
38 34 575
38 35 958
38 36 820
38 37 646
38 39 156
38 40 550
38 41 484
38 42 481
38 43 977
38 44 127
38 45 118
38 46 739
38 47 183
38 48 826
38 49 161
38 50 795
38 51 866
38 52 799
38 53 657
38 54 193
38 55 119
38 56 886
38 57 746
38 58 632
38 59 236
38 60 232
38 61 582
38 62 931
38 63 920
38 64 414
38 65 252
38 66 832
38 67 196
38 68 135
38 69 301
38 70 960
38 71 312
38 72 610
38 73 177
38 74 959
38 75 272
38 76 586
38 77 643
38 78 368
38 79 858
38 80 146
38 81 266
38 82 664
38 83 966
38 84 410
38 85 103
38 86 653
38 87 892
38 88 356
38 89 910
38 90 525
38 91 338
38 92 557
38 93 601
38 94 371
38 95 928
38 96 991
38 97 499
38 98 537
38 99 335
39 1 147
39 2 283
39 3 939
39 4 108
39 5 136
39 6 819
39 7 291
39 8 870
39 9 247
39 10 531
39 11 417
39 12 376
39 13 838
39 14 495
39 15 285
39 16 194
39 17 821
39 18 623
39 19 694
39 20 357
39 21 733
39 22 288
39 23 350
39 24 906
39 25 571
39 26 232
39 27 536
39 28 573
39 29 586
39 30 504
39 31 245
39 32 501
39 33 483
39 34 590
39 35 755
39 36 514
39 37 586
39 38 156
39 40 397
39 41 106
39 42 126
39 43 296
39 44 568
39 45 360
39 46 493
39 47 904
39 48 693
39 49 445
39 50 413
39 51 109
39 52 590
39 53 303
39 54 583
39 55 412
39 56 246
39 57 732
39 58 287
39 59 546
39 60 482
39 61 504
39 62 145
39 63 775
39 64 879
39 65 303
39 66 163
39 67 913
39 68 934
39 69 827
39 70 166
39 71 522
39 72 668
39 73 410
39 74 144
39 75 931
39 76 237
39 77 291
39 78 557
39 79 339
39 80 779
39 81 600
39 82 649
39 83 802
39 84 327
39 85 923
39 86 783
39 87 487
39 88 441
39 89 761
39 90 879
39 91 337
39 92 367
39 93 525
39 94 108
39 95 909
39 96 758
39 97 203
39 98 107
39 99 303
40 1 281
40 2 787
40 3 370
40 4 946
40 5 200
40 6 298
40 7 402
40 8 493
40 9 132
40 10 141
40 11 865
40 12 396
40 13 338
40 14 593
40 15 657
40 16 392
40 17 619
40 18 944
40 19 885
40 20 383
40 21 959
40 22 616
40 23 636
40 24 930
40 25 153
40 26 967
40 27 793
40 28 486
40 29 658
40 30 711
40 31 469
40 32 964
40 33 774
40 34 143
40 35 884
40 36 770
40 37 183
40 38 550
40 39 397
40 41 407
40 42 381
40 43 964
40 44 104
40 45 557
40 46 799
40 47 558
40 48 548
40 49 813
40 50 747
40 51 849
40 52 228
40 53 768
40 54 686
40 55 556
40 56 505
40 57 886
40 58 896
40 59 260
40 60 124
40 61 789
40 62 426
40 63 264
40 64 845
40 65 885
40 66 634
40 67 948
40 68 545
40 69 839
40 70 804
40 71 776
40 72 946
40 73 157
40 74 500
40 75 401
40 76 414
40 77 234
40 78 950
40 79 865
40 80 533
40 81 209
40 82 141
40 83 382
40 84 531
40 85 615
40 86 771
40 87 509
40 88 277
40 89 279
40 90 748
40 91 317
40 92 634
40 93 215
40 94 716
40 95 729
40 96 861
40 97 342
40 98 387
40 99 394
41 1 512
41 2 975
41 3 717
41 4 276
41 5 122
41 6 796
41 7 367
41 8 622
41 9 212
41 10 198
41 11 342
41 12 916
41 13 885
41 14 869
41 15 785
41 16 849
41 17 423
41 18 619
41 19 898
41 20 586
41 21 567
41 22 959
41 23 657
41 24 680
41 25 548
41 26 426
41 27 987
41 28 488
41 29 269
41 30 173
41 31 214
41 32 271
41 33 357
41 34 702
41 35 606
41 36 796
41 37 242
41 38 484
41 39 106
41 40 407
41 42 877
41 43 392
41 44 754
41 45 516
41 46 781
41 47 218
41 48 188
41 49 133
41 50 934
41 51 435
41 52 898
41 53 306
41 54 520
41 55 688
41 56 456
41 57 241
41 58 635
41 59 241
41 60 790
41 61 512
41 62 563
41 63 801
41 64 810
41 65 635
41 66 454
41 67 512
41 68 319
41 69 136
41 70 472
41 71 507
41 72 170
41 73 589
41 74 279
41 75 500
41 76 410
41 77 943
41 78 885
41 79 784
41 80 242
41 81 956
41 82 729
41 83 240
41 84 330
41 85 670
41 86 571
41 87 893
41 88 722
41 89 764
41 90 843
41 91 238
41 92 964
41 93 677
41 94 736
41 95 214
41 96 213
41 97 240
41 98 144
41 99 186
42 1 852
42 2 779
42 3 554
42 4 952
42 5 844
42 6 947
42 7 981
42 8 228
42 9 828
42 10 623
42 11 449
42 12 191
42 13 236
42 14 452
42 15 915
42 16 699
42 17 616
42 18 837
