s 1 894
s 2 627
s 3 611
s 4 958
s 5 632
s 6 734
s 7 905
s 8 890
s 9 656
s 10 764
s 11 996
s 12 720
s 13 890
s 14 774
s 15 829
s 16 672
s 17 926
s 18 875
s 19 821
s 20 624
s 21 974
s 22 766
s 23 855
s 24 975
s 25 609
s 26 835
s 27 835
s 28 747
s 29 763
s 30 822
s 31 761
s 32 905
s 33 874
s 34 721
s 35 780
s 36 808
s 37 758
s 38 791
s 39 749
s 40 959
s 41 764
s 42 941
s 43 856
s 44 633
s 45 690
s 46 688
s 47 982
s 48 799
s 49 736
s 50 886
s 51 604
s 52 625
s 53 899
s 54 945
s 55 911
s 56 779
s 57 946
s 58 621
s 59 939
s 60 733
s 61 610
s 62 761
s 63 691
s 64 849
s 65 930
s 66 872
s 67 900
s 68 718
s 69 869
s 70 627
s 71 966
s 72 636
s 73 964
s 74 882
s 75 674
s 76 713
s 77 604
s 78 880
s 79 896
s 80 613
s 81 792
s 82 721
s 83 836
s 84 828
s 85 883
s 86 768
s 87 695
s 88 731
s 89 795
s 90 793
s 91 790
s 92 978
s 93 835
s 94 614
s 95 886
s 96 858
s 97 945
s 98 638
s 99 976
1 2 640
1 3 861
1 4 891
1 5 607
1 6 710
1 7 716
1 8 940
1 9 697
1 10 893
1 11 617
1 12 764
1 13 934
1 14 884
1 15 842
1 16 934
1 17 959
1 18 934
1 19 609
1 20 701
1 21 846
1 22 607
1 23 894
1 24 911
1 25 879
1 26 950
1 27 609
1 28 710
1 29 795
1 30 764
1 31 694
1 32 841
1 33 930
1 34 755
1 35 733
1 36 819
1 37 873
1 38 774
1 39 962
1 40 672
1 41 761
1 42 819
1 43 668
1 44 832
1 45 948
1 46 824
1 47 969
1 48 900
1 49 995
1 50 998
1 51 796
1 52 718
1 53 882
1 54 777
1 55 623
1 56 740
1 57 758
1 58 755
1 59 631
1 60 818
1 61 813
1 62 787
1 63 909
1 64 814
1 65 942
1 66 915
1 67 651
1 68 702
1 69 652
1 70 947
1 71 650
1 72 952
1 73 615
1 74 769
1 75 868
1 76 662
1 77 873
1 78 909
1 79 913
1 80 687
1 81 996
1 82 698
1 83 727
1 84 859
1 85 741
1 86 752
1 87 633
1 88 615
1 89 694
1 90 769
1 91 895
1 92 835
1 93 741
1 94 621
1 95 695
1 96 681
1 97 913
1 98 768
1 99 923
2 1 640
2 3 686
2 4 690
2 5 934
2 6 714
2 7 847
2 8 974
2 9 705
2 10 635
2 11 685
2 12 975
2 13 620
2 14 812
2 15 920
2 16 671
2 17 717
2 18 725
2 19 709
2 20 862
2 21 897
2 22 754
2 23 858
2 24 804
2 25 767
2 26 665
2 27 612
2 28 719
2 29 913
2 30 671
2 31 988
2 32 895
2 33 901
2 34 726
2 35 820
2 36 625
2 37 688
2 38 974
2 39 706
2 40 953
2 41 973
2 42 770
2 43 919
2 44 831
2 45 655
2 46 609
2 47 827
2 48 776
2 49 891
2 50 996
2 51 974
2 52 757
2 53 815
2 54 905
2 55 768
2 56 893
2 57 850
2 58 925
2 59 911
2 60 855
2 61 618
2 62 822
2 63 700
2 64 835
2 65 733
2 66 805
2 67 641
2 68 618
2 69 732
2 70 620
2 71 883
2 72 904
2 73 732
2 74 617
2 75 645
2 76 827
2 77 602
2 78 997
2 79 792
2 80 912
2 81 977
2 82 608
2 83 778
2 84 977
2 85 892
2 86 814
2 87 992
2 88 727
2 89 884
2 90 720
2 91 872
2 92 762
2 93 839
2 94 690
2 95 896
2 96 875
2 97 816
2 98 730
2 99 881
3 1 861
3 2 686
3 4 723
3 5 894
3 6 660
3 7 948
3 8 605
3 9 805
3 10 899
3 11 600
3 12 786
3 13 677
3 14 728
3 15 840
3 16 778
3 17 779
3 18 680
3 19 993
3 20 725
3 21 723
3 22 808
3 23 702
3 24 799
3 25 643
3 26 639
3 27 656
3 28 716
3 29 638
3 30 646
3 31 886
3 32 607
3 33 938
3 34 772
3 35 705
3 36 881
3 37 734
3 38 812
3 39 662
3 40 665
3 41 654
3 42 726
3 43 867
3 44 612
3 45 683
3 46 709
3 47 747
3 48 883
3 49 856
3 50 880
3 51 881
3 52 681
3 53 608
3 54 831
3 55 887
3 56 822
3 57 616
3 58 740
3 59 785
3 60 977
3 61 640
3 62 626
3 63 603
3 64 775
3 65 665
3 66 864
3 67 900
3 68 922
3 69 708
3 70 748
3 71 743
3 72 747
3 73 903
3 74 976
3 75 862
3 76 862
3 77 945
3 78 932
3 79 672
3 80 991
3 81 981
3 82 944
3 83 914
3 84 861
3 85 825
3 86 895
3 87 660
3 88 763
3 89 710
3 90 905
3 91 935
3 92 785
3 93 762
3 94 745
3 95 940
3 96 802
3 97 935
3 98 893
3 99 872
4 1 891
4 2 690
4 3 723
4 5 703
4 6 888
4 7 935
4 8 916
4 9 817
4 10 638
4 11 964
4 12 907
4 13 778
4 14 806
4 15 826
4 16 826
4 17 658
4 18 927
4 19 969
4 20 915
4 21 952
4 22 954
4 23 930
4 24 664
4 25 984
4 26 711
4 27 641
4 28 743
4 29 747
4 30 856
4 31 687
4 32 720
4 33 622
4 34 801
4 35 813
4 36 624
4 37 962
4 38 840
4 39 792
4 40 665
4 41 851
4 42 659
4 43 983
4 44 717
4 45 702
4 46 843
4 47 875
4 48 864
4 49 700
4 50 977
4 51 856
4 52 659
4 53 744
4 54 987
4 55 891
4 56 665
4 57 882
4 58 793
4 59 722
4 60 688
4 61 697
4 62 645
4 63 687
4 64 730
4 65 926
4 66 944
4 67 741
4 68 829
4 69 942
4 70 747
4 71 878
4 72 701
4 73 879
4 74 967
4 75 716
4 76 633
4 77 886
4 78 958
4 79 653
4 80 831
4 81 854
4 82 756
4 83 866
4 84 785
4 85 965
4 86 665
4 87 893
4 88 999
4 89 866
4 90 716
4 91 925
4 92 835
4 93 655
4 94 681
4 95 805
4 96 709
4 97 668
4 98 777
4 99 689
5 1 607
5 2 934
5 3 894
5 4 703
5 6 822
5 7 929
5 8 627
5 9 743
5 10 783
5 11 790
5 12 769
5 13 714
5 14 652
5 15 675
5 16 896
5 17 823
5 18 765
5 19 951
5 20 621
5 21 879
5 22 846
5 23 930
5 24 858
5 25 983
5 26 821
5 27 822
5 28 911
5 29 923
5 30 887
5 31 622
5 32 772
5 33 744
5 34 703
5 35 617
5 36 746
5 37 723
5 38 737
5 39 758
5 40 722
5 41 894
5 42 850
5 43 625
5 44 741
5 45 879
5 46 927
5 47 983
5 48 741
5 49 756
5 50 696
5 51 991
5 52 795
5 53 629
5 54 918
5 55 673
5 56 838
5 57 894
5 58 952
5 59 898
5 60 849
5 61 907
5 62 657
5 63 912
5 64 676
5 65 763
5 66 729
5 67 629
5 68 843
5 69 893
5 70 903
5 71 750
5 72 859
5 73 768
5 74 726
5 75 846
5 76 919
5 77 655
5 78 676
5 79 645
5 80 857
5 81 942
5 82 905
5 83 601
5 84 871
5 85 898
5 86 749
5 87 777
5 88 694
5 89 832
5 90 784
5 91 674
5 92 874
5 93 856
5 94 968
5 95 889
5 96 989
5 97 910
5 98 900
5 99 773
6 1 710
6 2 714
6 3 660
6 4 888
6 5 822
6 7 893
6 8 943
6 9 610
6 10 627
6 11 939
6 12 856
6 13 692
6 14 653
6 15 994
6 16 827
6 17 864
6 18 691
6 19 785
6 20 777
6 21 826
6 22 603
6 23 997
6 24 729
6 25 964
6 26 881
6 27 802
6 28 709
6 29 945
6 30 974
6 31 924
6 32 952
6 33 1000
6 34 932
6 35 796
6 36 698
6 37 680
6 38 921
6 39 885
6 40 922
6 41 626
6 42 711
6 43 850
6 44 710
6 45 710
6 46 694
6 47 682
6 48 971
6 49 670
6 50 683
6 51 829
6 52 625
6 53 795
6 54 839
6 55 988
6 56 737
6 57 907
6 58 662
6 59 691
6 60 883
6 61 624
6 62 865
6 63 774
6 64 644
6 65 698
6 66 774
6 67 743
6 68 738
6 69 950
6 70 651
6 71 667
6 72 655
6 73 893
6 74 920
6 75 652
6 76 688
6 77 762
6 78 820
6 79 858
6 80 664
6 81 734
6 82 923
6 83 959
6 84 935
6 85 624
6 86 935
6 87 609
6 88 986
6 89 944
6 90 924
6 91 924
6 92 871
6 93 893
6 94 716
6 95 894
6 96 753
6 97 649
6 98 987
6 99 634
7 1 716
7 2 847
7 3 948
7 4 935
7 5 929
7 6 893
7 8 741
7 9 872
7 10 976
7 11 738
7 12 781
7 13 944
7 14 616
7 15 704
7 16 614
7 17 684
7 18 601
7 19 974
7 20 942
7 21 792
7 22 698
7 23 975
7 24 820
7 25 914
7 26 604
7 27 776
7 28 798
7 29 962
7 30 919
7 31 848
7 32 807
7 33 685
7 34 809
7 35 956
7 36 688
7 37 814
7 38 695
7 39 736
7 40 857
7 41 630
7 42 800
7 43 950
7 44 932
7 45 653
7 46 785
7 47 614
7 48 734
7 49 783
7 50 976
7 51 773
7 52 687
7 53 653
7 54 618
7 55 956
7 56 731
7 57 709
7 58 636
7 59 672
7 60 684
7 61 923
7 62 879
7 63 680
7 64 842
7 65 718
7 66 623
7 67 711
7 68 933
7 69 783
7 70 666
7 71 934
7 72 989
7 73 791
7 74 601
7 75 931
7 76 830
7 77 812
7 78 647
7 79 629
7 80 607
7 81 934
7 82 607
7 83 993
7 84 854
7 85 747
7 86 617
7 87 691
7 88 829
7 89 852
7 90 866
7 91 895
7 92 953
7 93 753
7 94 862
7 95 611
7 96 617
7 97 931
7 98 733
7 99 706
8 1 940
8 2 974
8 3 605
8 4 916
8 5 627
8 6 943
8 7 741
8 9 780
8 10 604
8 11 800
8 12 928
8 13 673
8 14 977
8 15 981
8 16 926
8 17 930
8 18 660
8 19 787
8 20 983
8 21 824
8 22 746
8 23 726
8 24 889
8 25 669
8 26 871
8 27 960
8 28 825
8 29 910
8 30 837
8 31 798
8 32 729
8 33 875
8 34 642
8 35 826
8 36 829
8 37 807
8 38 659
8 39 790
8 40 843
8 41 795
8 42 964
8 43 700
8 44 761
8 45 723
8 46 808
8 47 756
8 48 790
8 49 623
8 50 743
8 51 903
8 52 881
8 53 641
8 54 729
8 55 827
8 56 756
8 57 866
8 58 905
8 59 656
8 60 627
8 61 907
8 62 921
8 63 898
8 64 860
8 65 943
8 66 866
8 67 955
8 68 897
8 69 947
8 70 785
8 71 962
8 72 860
8 73 932
8 74 721
8 75 844
8 76 889
8 77 781
8 78 817
8 79 636
8 80 929
8 81 795
8 82 681
8 83 680
8 84 646
8 85 799
8 86 844
8 87 662
8 88 946
8 89 686
8 90 767
8 91 997
8 92 955
8 93 978
8 94 613
8 95 956
8 96 693
8 97 977
8 98 665
8 99 924
9 1 697
9 2 705
9 3 805
9 4 817
9 5 743
9 6 610
9 7 872
9 8 780
9 10 661
9 11 778
9 12 963
9 13 979
9 14 842
9 15 891
9 16 813
9 17 817
9 18 696
9 19 846
9 20 746
9 21 667
9 22 884
9 23 998
9 24 989
9 25 753
9 26 919
9 27 795
9 28 813
9 29 771
9 30 750
9 31 880
9 32 751
9 33 748
9 34 608
9 35 680
9 36 640
9 37 685
9 38 900
9 39 862
9 40 727
9 41 757
9 42 773
9 43 980
9 44 759
9 45 816
9 46 913
9 47 983
9 48 997
9 49 915
9 50 775
9 51 904
9 52 954
9 53 801
9 54 993
9 55 973
9 56 867
9 57 749
9 58 791
9 59 985
9 60 712
9 61 718
9 62 805
9 63 894
9 64 999
9 65 932
9 66 722
9 67 782
9 68 962
9 69 970
9 70 961
9 71 733
9 72 868
9 73 733
9 74 733
9 75 757
9 76 893
9 77 848
9 78 682
9 79 677
9 80 753
9 81 707
9 82 655
9 83 746
9 84 691
9 85 623
9 86 815
9 87 680
9 88 701
9 89 613
9 90 681
9 91 923
9 92 898
9 93 999
9 94 770
9 95 625
9 96 892
9 97 839
9 98 685
9 99 820
10 1 893
10 2 635
10 3 899
10 4 638
10 5 783
10 6 627
10 7 976
10 8 604
10 9 661
10 11 875
10 12 783
10 13 883
10 14 696
10 15 989
10 16 925
10 17 702
10 18 637
10 19 813
10 20 645
10 21 950
10 22 681
10 23 615
10 24 669
10 25 823
10 26 757
10 27 942
10 28 808
10 29 830
10 30 794
10 31 743
10 32 809
10 33 974
10 34 810
10 35 766
10 36 616
10 37 639
10 38 662
10 39 623
10 40 932
10 41 720
10 42 999
10 43 631
10 44 987
10 45 943
10 46 979
10 47 944
10 48 909
10 49 688
10 50 848
10 51 853
10 52 848
10 53 768
10 54 627
10 55 761
10 56 708
10 57 838
10 58 644
10 59 714
10 60 718
10 61 918
10 62 933
10 63 974
10 64 882
10 65 994
10 66 684
10 67 604
10 68 902
10 69 938
10 70 973
10 71 657
10 72 732
10 73 716
10 74 604
10 75 739
10 76 774
10 77 927
10 78 713
10 79 878
10 80 636
10 81 623
10 82 753
10 83 983
10 84 668
10 85 885
10 86 726
10 87 681
10 88 988
10 89 857
10 90 734
10 91 919
10 92 828
10 93 847
10 94 645
10 95 682
10 96 724
10 97 846
10 98 746
10 99 697
11 1 617
11 2 685
11 3 600
11 4 964
11 5 790
11 6 939
11 7 738
11 8 800
11 9 778
11 10 875
11 12 760
11 13 790
11 14 665
11 15 785
11 16 861
11 17 738
11 18 939
11 19 961
11 20 712
11 21 622
11 22 742
11 23 845
11 24 755
11 25 693
11 26 861
11 27 863
11 28 935
11 29 852
11 30 746
11 31 652
11 32 671
11 33 985
11 34 773
11 35 639
11 36 928
11 37 867
11 38 797
11 39 823
11 40 780
11 41 895
11 42 704
11 43 731
11 44 955
11 45 774
11 46 721
11 47 701
11 48 907
11 49 743
11 50 989
11 51 626
11 52 894
11 53 845
11 54 917
11 55 673
11 56 698
11 57 919
11 58 615
11 59 890
11 60 881
11 61 776
11 62 653
11 63 911
11 64 896
11 65 814
11 66 932
11 67 950
11 68 998
11 69 612
11 70 828
11 71 956
11 72 696
11 73 687
11 74 873
11 75 930
11 76 655
11 77 626
11 78 828
11 79 807
11 80 936
11 81 799
11 82 662
11 83 908
11 84 848
11 85 738
11 86 867
11 87 754
11 88 705
11 89 808
11 90 684
11 91 768
11 92 721
11 93 634
11 94 663
11 95 664
11 96 702
11 97 693
11 98 969
11 99 842
12 1 764
12 2 975
12 3 786
12 4 907
12 5 769
12 6 856
12 7 781
12 8 928
12 9 963
12 10 783
12 11 760
12 13 998
12 14 999
12 15 707
12 16 790
12 17 735
12 18 976
12 19 870
12 20 677
12 21 696
12 22 640
12 23 656
12 24 917
12 25 863
12 26 843
12 27 627
12 28 657
12 29 866
12 30 630
12 31 650
12 32 670
12 33 627
12 34 881
12 35 886
12 36 710
12 37 713
12 38 698
12 39 874
12 40 769
12 41 772
12 42 999
12 43 764
12 44 802
12 45 743
12 46 975
12 47 649
12 48 892
12 49 755
12 50 819
12 51 945
12 52 960
12 53 841
12 54 683
12 55 871
12 56 658
12 57 637
12 58 943
12 59 910
12 60 855
12 61 636
12 62 685
12 63 875
12 64 822
12 65 769
12 66 876
12 67 974
12 68 924
12 69 830
12 70 894
12 71 601
12 72 640
12 73 921
12 74 910
12 75 932
12 76 612
12 77 913
12 78 643
12 79 839
12 80 649
12 81 690
12 82 615
12 83 824
12 84 897
12 85 674
12 86 644
12 87 799
12 88 794
12 89 822
12 90 801
12 91 891
12 92 744
12 93 897
12 94 940
12 95 617
12 96 988
12 97 756
12 98 930
12 99 626
13 1 934
13 2 620
13 3 677
13 4 778
13 5 714
13 6 692
13 7 944
13 8 673
13 9 979
13 10 883
13 11 790
13 12 998
13 14 816
13 15 739
13 16 745
13 17 868
13 18 981
13 19 922
13 20 844
13 21 992
13 22 869
13 23 944
13 24 881
13 25 836
13 26 672
13 27 693
13 28 878
13 29 796
13 30 829
13 31 675
13 32 621
13 33 787
13 34 811
13 35 836
13 36 973
13 37 832
13 38 820
13 39 840
13 40 791
13 41 864
13 42 717
13 43 876
13 44 636
13 45 918
13 46 635
13 47 694
13 48 717
13 49 797
13 50 846
13 51 723
13 52 809
13 53 853
13 54 906
13 55 680
13 56 626
13 57 816
13 58 739
13 59 937
13 60 716
13 61 750
13 62 627
13 63 698
13 64 933
13 65 693
13 66 707
13 67 601
13 68 627
13 69 661
13 70 774
13 71 1000
13 72 686
13 73 939
13 74 949
13 75 967
13 76 813
13 77 950
13 78 978
13 79 970
13 80 749
13 81 992
13 82 788
13 83 687
13 84 750
13 85 986
13 86 841
13 87 650
13 88 750
13 89 711
13 90 623
13 91 886
13 92 965
13 93 900
13 94 977
13 95 826
13 96 699
13 97 715
13 98 650
13 99 872
14 1 884
14 2 812
14 3 728
14 4 806
14 5 652
14 6 653
14 7 616
14 8 977
14 9 842
14 10 696
14 11 665
14 12 999
14 13 816
14 15 950
14 16 815
14 17 674
14 18 838
14 19 745
14 20 788
14 21 984
14 22 874
14 23 617
14 24 762
14 25 609
14 26 804
14 27 936
14 28 778
14 29 731
14 30 713
14 31 645
14 32 997
14 33 792
14 34 897
14 35 715
14 36 625
14 37 746
14 38 667
14 39 668
14 40 611
14 41 804
14 42 931
14 43 621
14 44 931
14 45 723
14 46 898
14 47 838
14 48 790
14 49 610
14 50 693
14 51 636
14 52 937
14 53 909
14 54 783
14 55 820
14 56 870
14 57 676
14 58 867
14 59 802
14 60 649
14 61 796
14 62 762
14 63 939
14 64 922
14 65 608
14 66 802
14 67 654
14 68 806
14 69 917
14 70 644
14 71 824
14 72 709
14 73 922
14 74 826
14 75 911
14 76 668
14 77 678
14 78 804
14 79 959
14 80 917
14 81 816
14 82 746
14 83 835
14 84 955
14 85 718
14 86 897
14 87 926
14 88 654
14 89 753
14 90 931
14 91 617
14 92 800
14 93 717
14 94 888
14 95 622
14 96 678
14 97 807
14 98 954
14 99 642
15 1 842
15 2 920
15 3 840
15 4 826
15 5 675
15 6 994
15 7 704
15 8 981
15 9 891
15 10 989
15 11 785
15 12 707
15 13 739
15 14 950
15 16 625
15 17 973
15 18 605
15 19 927
15 20 810
15 21 858
15 22 881
15 23 903
15 24 619
15 25 630
15 26 909
15 27 984
15 28 918
15 29 769
15 30 971
15 31 612
15 32 663
15 33 631
15 34 884
15 35 797
15 36 758
15 37 839
15 38 863
15 39 954
15 40 739
15 41 681
15 42 888
15 43 826
15 44 664
15 45 767
15 46 814
15 47 909
15 48 934
15 49 916
15 50 765
15 51 716
15 52 622
15 53 994
15 54 815
15 55 658
15 56 789
15 57 980
15 58 984
15 59 703
15 60 875
15 61 984
15 62 825
15 63 977
15 64 851
15 65 615
15 66 751
15 67 694
15 68 999
15 69 831
15 70 892
15 71 662
15 72 966
15 73 827
15 74 728
15 75 957
15 76 991
15 77 804
15 78 669
15 79 701
15 80 628
15 81 1000
15 82 777
15 83 714
15 84 968
15 85 663
15 86 848
15 87 904
15 88 892
15 89 918
15 90 977
15 91 970
15 92 777
15 93 802
15 94 665
15 95 785
15 96 740
15 97 740
15 98 887
15 99 731
16 1 934
16 2 671
16 3 778
16 4 826
16 5 896
16 6 827
16 7 614
16 8 926
16 9 813
16 10 925
16 11 861
16 12 790
16 13 745
16 14 815
16 15 625
16 17 604
16 18 965
16 19 897
16 20 925
16 21 747
16 22 892
16 23 883
16 24 707
16 25 883
16 26 852
16 27 854
16 28 635
16 29 741
16 30 824
16 31 775
16 32 658
16 33 820
16 34 674
16 35 747
16 36 783
16 37 879
16 38 784
16 39 720
16 40 896
16 41 963
16 42 799
16 43 999
16 44 629
16 45 601
16 46 706
16 47 780
16 48 602
16 49 703
16 50 715
16 51 796
16 52 747
16 53 893
16 54 600
16 55 647
16 56 912
16 57 744
16 58 882
16 59 624
16 60 787
16 61 878
16 62 719
16 63 940
16 64 653
16 65 933
16 66 889
16 67 967
16 68 958
16 69 642
16 70 781
16 71 885
16 72 877
16 73 743
16 74 611
16 75 913
16 76 605
16 77 600
16 78 892
16 79 657
16 80 616
16 81 692
16 82 952
16 83 935
16 84 620
16 85 1000
16 86 958
16 87 872
16 88 853
16 89 687
16 90 840
16 91 964
16 92 664
16 93 895
16 94 645
16 95 691
16 96 874
16 97 912
16 98 771
16 99 702
17 1 959
17 2 717
17 3 779
17 4 658
17 5 823
17 6 864
17 7 684
17 8 930
17 9 817
17 10 702
17 11 738
17 12 735
17 13 868
17 14 674
17 15 973
17 16 604
17 18 669
17 19 964
17 20 630
17 21 634
17 22 730
17 23 816
17 24 791
17 25 606
17 26 965
17 27 837
17 28 758
17 29 837
17 30 855
17 31 933
17 32 953
17 33 813
17 34 981
17 35 855
17 36 759
17 37 968
17 38 919
17 39 959
17 40 826
17 41 685
17 42 606
17 43 705
17 44 722
17 45 697
17 46 821
17 47 963
17 48 921
17 49 774
17 50 731
17 51 638
17 52 794
17 53 884
17 54 731
17 55 828
17 56 854
17 57 695
17 58 913
17 59 667
17 60 989
17 61 663
17 62 838
17 63 643
17 64 971
17 65 904
17 66 799
17 67 864
17 68 622
17 69 907
17 70 953
17 71 978
17 72 713
17 73 808
17 74 692
17 75 741
17 76 656
17 77 872
17 78 907
17 79 613
17 80 733
17 81 798
17 82 991
17 83 619
17 84 780
17 85 766
17 86 919
17 87 667
17 88 911
17 89 743
17 90 689
17 91 675
17 92 839
17 93 942
17 94 844
17 95 869
17 96 962
17 97 738
17 98 899
17 99 699
18 1 934
18 2 725
18 3 680
18 4 927
18 5 765
18 6 691
18 7 601
18 8 660
18 9 696
18 10 637
18 11 939
18 12 976
18 13 981
18 14 838
18 15 605
18 16 965
18 17 669
18 19 671
18 20 879
18 21 678
18 22 855
18 23 901
18 24 649
18 25 707
18 26 982
18 27 949
18 28 899
18 29 881
18 30 968
18 31 615
18 32 715
18 33 629
18 34 913
18 35 751
18 36 838
18 37 749
18 38 813
18 39 699
18 40 854
18 41 958
18 42 979
18 43 831
18 44 607
18 45 820
18 46 730
18 47 796
18 48 617
18 49 923
18 50 723
18 51 688
18 52 888
18 53 873
18 54 716
18 55 925
18 56 625
18 57 972
18 58 999
18 59 745
18 60 926
18 61 928
18 62 831
18 63 729
18 64 830
18 65 755
18 66 867
18 67 923
18 68 796
18 69 744
18 70 628
18 71 994
18 72 609
18 73 785
18 74 843
18 75 717
18 76 746
18 77 926
18 78 640
18 79 630
18 80 914
18 81 813
18 82 903
18 83 796
18 84 739
18 85 943
18 86 769
18 87 734
18 88 862
18 89 666
18 90 757
18 91 949
18 92 748
18 93 781
18 94 962
18 95 715
18 96 929
18 97 811
18 98 749
18 99 903
19 1 609
19 2 709
19 3 993
19 4 969
19 5 951
19 6 785
19 7 974
19 8 787
19 9 846
19 10 813
19 11 961
19 12 870
19 13 922
19 14 745
19 15 927
19 16 897
19 17 964
19 18 671
19 20 730
19 21 794
19 22 974
19 23 663
19 24 704
19 25 965
19 26 988
19 27 725
19 28 998
19 29 812
19 30 613
19 31 941
19 32 962
19 33 749
19 34 788
19 35 816
19 36 935
19 37 989
19 38 988
19 39 630
19 40 964
19 41 940
19 42 823
19 43 717
19 44 697
19 45 862
19 46 901
19 47 980
19 48 894
19 49 836
19 50 793
19 51 687
19 52 752
19 53 761
19 54 670
19 55 894
19 56 673
19 57 815
19 58 843
19 59 618
19 60 613
19 61 725
19 62 814
19 63 722
19 64 685
19 65 860
19 66 668
19 67 708
19 68 986
19 69 901
19 70 632
19 71 961
19 72 871
19 73 716
19 74 824
19 75 880
19 76 714
19 77 870
19 78 944
19 79 727
19 80 653
19 81 899
19 82 704
19 83 978
19 84 951
19 85 751
19 86 767
19 87 781
19 88 898
19 89 848
19 90 895
19 91 937
19 92 930
19 93 769
19 94 627
19 95 911
19 96 925
19 97 707
19 98 898
19 99 931
20 1 701
20 2 862
20 3 725
20 4 915
20 5 621
20 6 777
20 7 942
20 8 983
20 9 746
20 10 645
20 11 712
20 12 677
20 13 844
20 14 788
20 15 810
20 16 925
20 17 630
20 18 879
20 19 730
20 21 778
20 22 701
20 23 885
20 24 944
20 25 1000
20 26 740
20 27 878
20 28 604
20 29 987
20 30 737
20 31 859
20 32 876
20 33 748
20 34 776
20 35 656
20 36 890
20 37 600
20 38 771
20 39 981
20 40 676
20 41 885
20 42 851
20 43 745
20 44 977
20 45 662
20 46 963
20 47 796
20 48 774
20 49 715
20 50 982
20 51 996
20 52 770
20 53 995
20 54 930
20 55 942
20 56 779
20 57 795
20 58 903
20 59 698
20 60 728
20 61 710
20 62 857
20 63 604
20 64 627
20 65 674
20 66 874
20 67 906
20 68 964
20 69 966
20 70 980
20 71 780
20 72 909
20 73 903
20 74 641
20 75 627
20 76 754
20 77 655
20 78 739
20 79 946
20 80 864
20 81 995
20 82 858
20 83 734
20 84 975
20 85 873
20 86 686
20 87 611
20 88 709
20 89 862
20 90 713
20 91 929
20 92 985
20 93 912
20 94 992
20 95 946
20 96 691
20 97 935
20 98 742
20 99 856
21 1 846
21 2 897
21 3 723
21 4 952
21 5 879
21 6 826
21 7 792
21 8 824
21 9 667
21 10 950
21 11 622
21 12 696
21 13 992
21 14 984
21 15 858
21 16 747
21 17 634
21 18 678
21 19 794
21 20 778
21 22 899
21 23 674
21 24 867
21 25 759
21 26 948
21 27 883
21 28 740
21 29 920
21 30 846
21 31 880
21 32 832
21 33 957
21 34 981
21 35 917
21 36 837
21 37 952
21 38 748
21 39 734
21 40 763
21 41 926
21 42 852
21 43 765
21 44 726
21 45 966
21 46 816
21 47 736
21 48 899
21 49 828
21 50 687
21 51 607
21 52 983
21 53 844
21 54 700
21 55 862
21 56 821
21 57 823
21 58 776
21 59 966
21 60 767
21 61 722
21 62 975
21 63 729
21 64 750
21 65 625
21 66 985
21 67 630
21 68 884
21 69 697
21 70 944
21 71 686
21 72 624
21 73 802
21 74 645
21 75 854
21 76 713
21 77 640
21 78 618
21 79 863
21 80 763
21 81 916
21 82 646
21 83 992
21 84 928
21 85 621
21 86 994
21 87 885
21 88 808
21 89 922
21 90 703
21 91 843
21 92 925
21 93 791
21 94 686
21 95 881
21 96 683
21 97 765
21 98 876
21 99 682
22 1 607
22 2 754
22 3 808
22 4 954
22 5 846
22 6 603
22 7 698
22 8 746
22 9 884
22 10 681
22 11 742
22 12 640
22 13 869
22 14 874
22 15 881
22 16 892
22 17 730
22 18 855
22 19 974
22 20 701
22 21 899
22 23 887
22 24 856
22 25 959
22 26 999
22 27 652
22 28 813
22 29 695
22 30 884
22 31 754
22 32 973
22 33 646
22 34 746
22 35 835
22 36 977
22 37 837
22 38 879
22 39 649
22 40 953
22 41 852
22 42 903
22 43 739
22 44 645
22 45 776
22 46 885
22 47 625
22 48 665
22 49 664
22 50 703
22 51 952
22 52 607
22 53 856
22 54 848
22 55 633
22 56 646
22 57 842
22 58 918
22 59 887
22 60 656
22 61 779
22 62 771
22 63 928
22 64 751
22 65 789
22 66 688
22 67 913
22 68 767
22 69 602
22 70 807
22 71 647
22 72 963
22 73 981
22 74 623
22 75 830
22 76 842
22 77 623
22 78 899
22 79 672
22 80 840
22 81 757
22 82 799
22 83 761
22 84 710
22 85 973
22 86 714
22 87 834
22 88 757
22 89 722
22 90 705
22 91 832
22 92 631
22 93 802
22 94 687
22 95 900
22 96 645
22 97 658
22 98 906
22 99 924
23 1 894
23 2 858
23 3 702
23 4 930
23 5 930
23 6 997
23 7 975
23 8 726
23 9 998
23 10 615
23 11 845
23 12 656
23 13 944
23 14 617
23 15 903
23 16 883
23 17 816
23 18 901
23 19 663
23 20 885
23 21 674
23 22 887
23 24 666
23 25 939
23 26 980
23 27 876
23 28 601
23 29 955
23 30 696
23 31 990
23 32 788
23 33 614
23 34 937
23 35 842
23 36 882
23 37 678
23 38 836
23 39 649
23 40 748
23 41 787
23 42 695
23 43 602
23 44 906
23 45 701
23 46 893
23 47 941
23 48 703
23 49 820
23 50 994
23 51 919
23 52 653
23 53 953
23 54 699
23 55 692
23 56 860
23 57 814
23 58 894
23 59 714
23 60 938
23 61 976
23 62 933
23 63 676
23 64 924
23 65 753
23 66 924
23 67 619
23 68 910
23 69 940
23 70 735
23 71 638
23 72 924
23 73 632
23 74 809
23 75 686
23 76 987
23 77 620
23 78 750
23 79 809
23 80 855
23 81 846
23 82 870
23 83 886
23 84 633
23 85 763
23 86 906
23 87 807
23 88 635
23 89 715
23 90 959
23 91 877
23 92 610
23 93 669
23 94 730
23 95 801
23 96 657
23 97 851
23 98 741
23 99 682
24 1 911
24 2 804
24 3 799
24 4 664
24 5 858
24 6 729
24 7 820
24 8 889
24 9 989
24 10 669
24 11 755
24 12 917
24 13 881
24 14 762
24 15 619
24 16 707
24 17 791
24 18 649
24 19 704
24 20 944
24 21 867
24 22 856
24 23 666
24 25 735
24 26 835
24 27 773
24 28 762
24 29 906
24 30 990
24 31 685
24 32 929
24 33 907
24 34 731
24 35 880
24 36 866
24 37 877
24 38 851
24 39 847
24 40 975
24 41 641
24 42 811
24 43 858
24 44 895
24 45 666
24 46 664
24 47 702
24 48 689
24 49 772
24 50 908
24 51 869
24 52 641
24 53 822
24 54 621
24 55 839
24 56 881
24 57 805
24 58 859
24 59 871
24 60 802
24 61 652
24 62 778
24 63 793
24 64 931
24 65 718
24 66 711
24 67 815
24 68 662
24 69 900
24 70 880
24 71 619
24 72 874
24 73 619
24 74 741
24 75 953
24 76 883
24 77 824
24 78 920
24 79 998
24 80 940
24 81 925
24 82 784
24 83 646
24 84 878
24 85 774
24 86 908
24 87 644
24 88 640
24 89 717
24 90 915
24 91 690
24 92 829
24 93 866
24 94 733
24 95 783
24 96 733
24 97 725
24 98 672
24 99 771
25 1 879
25 2 767
25 3 643
25 4 984
25 5 983
25 6 964
25 7 914
25 8 669
25 9 753
25 10 823
25 11 693
25 12 863
25 13 836
25 14 609
25 15 630
25 16 883
25 17 606
25 18 707
25 19 965
25 20 1000
25 21 759
25 22 959
25 23 939
25 24 735
25 26 621
25 27 750
25 28 995
25 29 799
25 30 621
25 31 603
25 32 851
25 33 778
25 34 724
25 35 800
25 36 925
25 37 914
25 38 765
25 39 614
25 40 808
25 41 669
25 42 621
25 43 903
25 44 900
25 45 742
25 46 952
25 47 831
25 48 993
25 49 608
25 50 802
25 51 823
25 52 615
25 53 759
25 54 993
25 55 759
25 56 695
25 57 659
25 58 641
25 59 986
25 60 827
25 61 780
25 62 780
25 63 760
25 64 789
25 65 925
25 66 998
25 67 867
25 68 911
25 69 740
25 70 603
25 71 899
25 72 928
25 73 727
25 74 600
25 75 836
25 76 849
25 77 740
25 78 818
25 79 603
25 80 613
25 81 717
25 82 838
25 83 605
25 84 998
25 85 765
25 86 804
25 87 802
25 88 614
25 89 782
25 90 632
25 91 871
25 92 991
25 93 805
25 94 935
25 95 642
25 96 831
25 97 683
25 98 851
25 99 693
26 1 950
26 2 665
26 3 639
26 4 711
26 5 821
26 6 881
26 7 604
26 8 871
26 9 919
26 10 757
26 11 861
26 12 843
26 13 672
26 14 804
26 15 909
26 16 852
26 17 965
26 18 982
26 19 988
26 20 740
26 21 948
26 22 999
26 23 980
26 24 835
26 25 621
26 27 978
26 28 791
26 29 753
26 30 947
26 31 701
26 32 859
26 33 775
26 34 734
26 35 959
26 36 721
26 37 820
26 38 999
26 39 745
26 40 768
26 41 783
26 42 661
26 43 838
26 44 607
26 45 843
26 46 751
26 47 987
26 48 949
26 49 629
26 50 833
26 51 684
26 52 980
26 53 774
26 54 734
26 55 632
26 56 694
26 57 780
26 58 624
26 59 975
26 60 818
26 61 806
26 62 809
26 63 915
26 64 802
26 65 910
26 66 635
26 67 972
26 68 675
26 69 914
26 70 648
26 71 741
26 72 721
26 73 756
26 74 970
26 75 809
26 76 809
26 77 989
26 78 617
26 79 880
26 80 770
26 81 707
26 82 978
26 83 722
26 84 736
26 85 933
26 86 996
26 87 855
26 88 803
26 89 887
26 90 683
26 91 699
26 92 850
26 93 1000
26 94 996
26 95 836
26 96 602
26 97 849
26 98 751
26 99 726
27 1 609
27 2 612
27 3 656
27 4 641
27 5 822
27 6 802
27 7 776
27 8 960
27 9 795
27 10 942
27 11 863
27 12 627
27 13 693
27 14 936
27 15 984
27 16 854
27 17 837
27 18 949
27 19 725
27 20 878
27 21 883
27 22 652
27 23 876
27 24 773
27 25 750
27 26 978
27 28 862
27 29 992
27 30 814
27 31 662
27 32 860
27 33 990
27 34 781
27 35 766
27 36 660
27 37 792
27 38 849
27 39 712
27 40 847
27 41 634
27 42 925
27 43 938
27 44 779
27 45 655
27 46 947
27 47 924
27 48 858
27 49 716
27 50 949
27 51 678
27 52 631
27 53 887
27 54 912
27 55 769
27 56 772
27 57 617
27 58 759
27 59 726
27 60 914
27 61 908
27 62 892
27 63 830
27 64 947
27 65 777
27 66 787
27 67 607
27 68 964
27 69 792
27 70 978
27 71 855
27 72 948
27 73 612
27 74 655
27 75 937
27 76 713
27 77 881
27 78 961
27 79 745
27 80 604
27 81 747
27 82 864
27 83 680
27 84 706
27 85 911
27 86 831
27 87 687
27 88 686
27 89 706
27 90 729
27 91 660
27 92 639
27 93 863
27 94 940
27 95 848
27 96 978
27 97 885
27 98 772
27 99 626
28 1 710
28 2 719
28 3 716
28 4 743
28 5 911
28 6 709
28 7 798
28 8 825
28 9 813
28 10 808
28 11 935
28 12 657
28 13 878
28 14 778
28 15 918
28 16 635
28 17 758
28 18 899
28 19 998
28 20 604
28 21 740
28 22 813
28 23 601
28 24 762
28 25 995
28 26 791
28 27 862
28 29 714
28 30 637
28 31 828
28 32 843
28 33 613
28 34 848
28 35 709
28 36 930
28 37 678
28 38 985
28 39 728
28 40 956
28 41 715
28 42 798
28 43 778
28 44 811
28 45 690
28 46 748
28 47 980
28 48 997
28 49 841
28 50 759
28 51 761
28 52 951
28 53 984
28 54 602
28 55 906
28 56 752
28 57 617
28 58 944
28 59 981
28 60 922
28 61 729
28 62 967
28 63 744
28 64 643
28 65 643
28 66 823
28 67 702
28 68 914
28 69 603
28 70 882
28 71 904
28 72 844
28 73 681
28 74 905
28 75 648
28 76 781
28 77 635
28 78 916
28 79 889
28 80 801
28 81 753
28 82 695
28 83 987
28 84 758
28 85 833
28 86 980
28 87 821
28 88 802
28 89 785
28 90 893
28 91 631
28 92 705
28 93 668
28 94 603
28 95 878
28 96 898
28 97 637
28 98 924
28 99 722
29 1 795
29 2 913
29 3 638
29 4 747
29 5 923
29 6 945
29 7 962
29 8 910
29 9 771
29 10 830
29 11 852
29 12 866
29 13 796
29 14 731
29 15 769
29 16 741
29 17 837
29 18 881
29 19 812
29 20 987
29 21 920
29 22 695
29 23 955
29 24 906
29 25 799
29 26 753
29 27 992
29 28 714
29 30 931
29 31 839
29 32 879
29 33 645
29 34 842
29 35 837
29 36 918
29 37 647
29 38 920
29 39 710
29 40 605
29 41 906
29 42 768
29 43 899
29 44 893
29 45 604
29 46 768
29 47 697
29 48 795
29 49 835
29 50 853
29 51 923
29 52 645
29 53 688
29 54 919
29 55 920
29 56 893
29 57 813
29 58 750
29 59 921
29 60 788
29 61 936
29 62 774
29 63 919
29 64 717
29 65 955
29 66 752
29 67 799
29 68 721
29 69 663
29 70 662
29 71 853
29 72 933
29 73 742
29 74 657
29 75 634
29 76 957
29 77 664
29 78 651
29 79 978
29 80 697
29 81 834
29 82 652
29 83 785
29 84 737
29 85 803
29 86 887
29 87 619
29 88 983
29 89 652
29 90 786
29 91 662
29 92 816
29 93 987
29 94 957
29 95 655
29 96 908
29 97 824
29 98 918
29 99 698
30 1 764
30 2 671
30 3 646
30 4 856
30 5 887
30 6 974
30 7 919
30 8 837
30 9 750
30 10 794
30 11 746
30 12 630
30 13 829
30 14 713
30 15 971
30 16 824
30 17 855
30 18 968
30 19 613
30 20 737
30 21 846
30 22 884
30 23 696
30 24 990
30 25 621
30 26 947
30 27 814
30 28 637
30 29 931
30 31 845
30 32 784
30 33 610
30 34 987
30 35 767
30 36 911
30 37 690
30 38 878
30 39 885
30 40 749
30 41 969
30 42 886
30 43 760
30 44 802
30 45 896
30 46 615
30 47 884
30 48 770
30 49 917
30 50 821
30 51 838
30 52 718
30 53 730
30 54 958
30 55 719
30 56 947
30 57 908
30 58 805
30 59 853
30 60 993
30 61 873
30 62 753
30 63 715
30 64 758
30 65 792
30 66 807
30 67 892
30 68 753
30 69 820
30 70 988
30 71 861
30 72 948
30 73 778
30 74 966
30 75 609
30 76 700
30 77 722
30 78 701
30 79 684
30 80 654
30 81 842
30 82 923
30 83 651
30 84 696
30 85 653
30 86 987
30 87 691
30 88 931
30 89 902
30 90 843
30 91 940
30 92 920
30 93 854
30 94 976
30 95 826
30 96 964
30 97 635
30 98 979
30 99 780
31 1 694
31 2 988
31 3 886
31 4 687
31 5 622
31 6 924
31 7 848
31 8 798
31 9 880
31 10 743
31 11 652
31 12 650
31 13 675
31 14 645
31 15 612
31 16 775
31 17 933
31 18 615
31 19 941
31 20 859
31 21 880
31 22 754
31 23 990
31 24 685
31 25 603
31 26 701
31 27 662
31 28 828
31 29 839
31 30 845
31 32 966
31 33 893
31 34 623
31 35 642
31 36 626
31 37 776
31 38 743
31 39 756
31 40 795
31 41 802
31 42 804
31 43 875
31 44 967
31 45 736
31 46 795
31 47 889
31 48 876
31 49 679
31 50 721
31 51 707
31 52 954
31 53 883
31 54 627
31 55 909
31 56 634
31 57 878
31 58 612
31 59 804
31 60 973
31 61 963
31 62 983
31 63 936
31 64 858
31 65 928
31 66 897
31 67 777
31 68 742
31 69 683
31 70 736
31 71 841
31 72 850
31 73 702
31 74 981
31 75 851
31 76 853
31 77 963
31 78 997
31 79 627
31 80 682
31 81 711
31 82 980
31 83 699
31 84 799
31 85 858
31 86 773
31 87 734
31 88 820
31 89 853
31 90 904
31 91 849
31 92 881
31 93 790
31 94 780
31 95 944
31 96 836
31 97 728
31 98 897
31 99 650
32 1 841
32 2 895
32 3 607
32 4 720
32 5 772
32 6 952
32 7 807
32 8 729
32 9 751
32 10 809
32 11 671
32 12 670
32 13 621
32 14 997
32 15 663
32 16 658
32 17 953
32 18 715
32 19 962
32 20 876
32 21 832
32 22 973
32 23 788
32 24 929
32 25 851
32 26 859
32 27 860
32 28 843
32 29 879
32 30 784
32 31 966
32 33 743
32 34 817
32 35 730
32 36 868
32 37 674
32 38 879
32 39 675
32 40 698
32 41 733
32 42 705
32 43 881
32 44 788
32 45 811
32 46 697
32 47 708
32 48 788
32 49 679
32 50 967
32 51 963
32 52 984
32 53 653
32 54 803
32 55 974
32 56 809
32 57 876
32 58 841
32 59 904
32 60 683
32 61 601
32 62 699
32 63 894
32 64 943
32 65 934
32 66 677
32 67 950
32 68 731
32 69 924
32 70 734
32 71 872
32 72 616
32 73 954
32 74 902
32 75 930
32 76 856
32 77 602
32 78 661
32 79 811
32 80 681
32 81 812
32 82 872
32 83 727
32 84 931
32 85 888
32 86 820
32 87 627
32 88 858
32 89 892
32 90 620
32 91 773
32 92 962
32 93 719
32 94 619
32 95 814
32 96 956
32 97 670
32 98 739
32 99 915
33 1 930
33 2 901
33 3 938
33 4 622
33 5 744
33 6 1000
33 7 685
33 8 875
33 9 748
33 10 974
33 11 985
33 12 627
33 13 787
33 14 792
33 15 631
33 16 820
33 17 813
33 18 629
33 19 749
33 20 748
33 21 957
33 22 646
33 23 614
33 24 907
33 25 778
33 26 775
33 27 990
33 28 613
33 29 645
33 30 610
33 31 893
33 32 743
33 34 913
33 35 773
33 36 979
33 37 847
33 38 641
33 39 668
33 40 748
33 41 831
33 42 886
33 43 843
33 44 797
33 45 894
33 46 947
33 47 729
33 48 684
33 49 766
33 50 611
33 51 663
33 52 871
33 53 719
33 54 857
33 55 698
33 56 719
33 57 739
33 58 723
33 59 815
33 60 776
33 61 650
33 62 924
33 63 846
33 64 739
33 65 947
33 66 855
33 67 615
33 68 742
33 69 633
33 70 700
33 71 886
33 72 777
33 73 737
33 74 798
33 75 615
33 76 999
33 77 823
33 78 907
33 79 965
33 80 661
33 81 696
33 82 638
33 83 974
33 84 992
33 85 614
33 86 660
33 87 877
33 88 935
33 89 753
33 90 816
33 91 804
33 92 911
33 93 914
33 94 664
33 95 871
33 96 887
33 97 877
33 98 904
33 99 975
34 1 755
34 2 726
34 3 772
34 4 801
34 5 703
34 6 932
34 7 809
34 8 642
34 9 608
34 10 810
34 11 773
34 12 881
34 13 811
34 14 897
34 15 884
34 16 674
34 17 981
34 18 913
34 19 788
34 20 776
34 21 981
34 22 746
34 23 937
34 24 731
34 25 724
34 26 734
34 27 781
34 28 848
34 29 842
34 30 987
34 31 623
34 32 817
34 33 913
34 35 710
34 36 714
34 37 672
34 38 972
34 39 759
34 40 696
34 41 759
34 42 722
34 43 824
34 44 928
34 45 731
34 46 656
34 47 728
34 48 711
34 49 647
34 50 844
34 51 786
34 52 778
34 53 600
34 54 799
34 55 925
34 56 955
34 57 619
34 58 870
34 59 659
34 60 777
34 61 904
34 62 737
34 63 624
34 64 719
34 65 761
34 66 624
34 67 881
34 68 869
34 69 602
34 70 779
34 71 603
34 72 791
34 73 898
34 74 625
34 75 672
34 76 651
34 77 741
34 78 645
34 79 627
34 80 953
34 81 849
34 82 965
34 83 766
34 84 718
34 85 994
34 86 747
34 87 971
34 88 766
34 89 898
34 90 941
34 91 712
34 92 684
34 93 622
34 94 1000
34 95 889
34 96 759
34 97 679
34 98 928
34 99 836
35 1 733
35 2 820
35 3 705
35 4 813
35 5 617
35 6 796
35 7 956
35 8 826
35 9 680
35 10 766
35 11 639
35 12 886
35 13 836
35 14 715
35 15 797
35 16 747
35 17 855
35 18 751
35 19 816
35 20 656
35 21 917
35 22 835
35 23 842
35 24 880
35 25 800
35 26 959
35 27 766
35 28 709
35 29 837
35 30 767
35 31 642
35 32 730
35 33 773
35 34 710
35 36 689
35 37 927
35 38 632
35 39 769
35 40 731
35 41 905
35 42 754
35 43 670
35 44 848
35 45 907
35 46 863
35 47 695
35 48 862
35 49 939
35 50 731
35 51 891
35 52 848
35 53 689
35 54 736
35 55 694
35 56 852
35 57 719
35 58 953
35 59 805
35 60 940
35 61 868
35 62 709
35 63 794
35 64 665
35 65 973
35 66 753
35 67 850
35 68 784
35 69 841
35 70 792
35 71 711
35 72 910
35 73 748
35 74 949
35 75 914
35 76 658
35 77 825
35 78 955
35 79 680
35 80 828
35 81 986
35 82 693
35 83 694
35 84 988
35 85 792
35 86 965
35 87 941
35 88 939
35 89 859
35 90 834
35 91 693
35 92 627
35 93 750
35 94 653
35 95 766
35 96 969
35 97 603
35 98 639
35 99 848
36 1 819
36 2 625
36 3 881
36 4 624
36 5 746
36 6 698
36 7 688
36 8 829
36 9 640
36 10 616
36 11 928
36 12 710
36 13 973
36 14 625
36 15 758
36 16 783
36 17 759
36 18 838
36 19 935
36 20 890
36 21 837
36 22 977
36 23 882
36 24 866
36 25 925
36 26 721
36 27 660
36 28 930
36 29 918
36 30 911
36 31 626
36 32 868
36 33 979
36 34 714
36 35 689
36 37 695
36 38 650
36 39 740
36 40 711
36 41 766
36 42 620
36 43 710
36 44 873
36 45 928
36 46 803
36 47 612
36 48 793
36 49 830
36 50 624
36 51 894
36 52 712
36 53 847
36 54 988
36 55 830
36 56 986
36 57 782
36 58 610
36 59 793
36 60 867
36 61 873
36 62 788
36 63 756
36 64 644
36 65 634
36 66 999
36 67 843
36 68 756
36 69 857
36 70 698
36 71 849
36 72 948
36 73 695
36 74 758
36 75 744
36 76 630
36 77 895
36 78 737
36 79 634
36 80 976
36 81 828
36 82 881
36 83 793
36 84 778
36 85 603
36 86 860
36 87 845
36 88 815
36 89 630
36 90 999
36 91 756
36 92 788
36 93 755
36 94 623
36 95 970
36 96 666
36 97 919
36 98 602
36 99 704
37 1 873
37 2 688
37 3 734
37 4 962
37 5 723
37 6 680
37 7 814
37 8 807
37 9 685
37 10 639
37 11 867
37 12 713
37 13 832
37 14 746
37 15 839
37 16 879
37 17 968
37 18 749
37 19 989
37 20 600
37 21 952
37 22 837
37 23 678
37 24 877
37 25 914
37 26 820
37 27 792
37 28 678
37 29 647
37 30 690
37 31 776
37 32 674
37 33 847
37 34 672
37 35 927
37 36 695
37 38 701
37 39 605
37 40 783
37 41 604
37 42 898
37 43 746
37 44 726
37 45 934
37 46 733
37 47 917
37 48 929
37 49 709
37 50 911
37 51 704
37 52 737
37 53 756
37 54 823
37 55 998
37 56 869
37 57 637
37 58 861
37 59 699
37 60 726
37 61 647
37 62 615
37 63 912
37 64 768
37 65 847
37 66 947
37 67 646
37 68 922
37 69 995
37 70 670
37 71 745
37 72 628
37 73 777
37 74 746
37 75 865
37 76 956
37 77 699
37 78 826
37 79 866
37 80 940
37 81 624
37 82 837
37 83 925
37 84 909
37 85 949
37 86 634
37 87 708
37 88 607
37 89 806
37 90 635
37 91 860
37 92 989
37 93 735
37 94 638
37 95 704
37 96 979
37 97 698
37 98 754
37 99 829
38 1 774
38 2 974
38 3 812
38 4 840
38 5 737
38 6 921
38 7 695
38 8 659
38 9 900
38 10 662
38 11 797
38 12 698
38 13 820
38 14 667
38 15 863
38 16 784
38 17 919
38 18 813
38 19 988
38 20 771
38 21 748
38 22 879
38 23 836
38 24 851
38 25 765
38 26 999
38 27 849
38 28 985
38 29 920
38 30 878
38 31 743
38 32 879
38 33 641
38 34 972
38 35 632
38 36 650
38 37 701
38 39 656
38 40 735
38 41 674
38 42 752
38 43 806
38 44 721
38 45 901
38 46 664
38 47 924
38 48 835
38 49 895
38 50 671
38 51 916
38 52 990
38 53 812
38 54 646
38 55 770
38 56 730
38 57 722
38 58 935
38 59 648
38 60 672
38 61 677
38 62 835
38 63 939
38 64 664
38 65 742
38 66 670
38 67 990
38 68 744
38 69 860
38 70 934
38 71 767
38 72 856
38 73 850
38 74 739
38 75 855
38 76 608
38 77 747
38 78 657
38 79 965
38 80 897
38 81 819
38 82 814
38 83 896
38 84 847
38 85 633
38 86 722
38 87 776
38 88 813
38 89 677
38 90 628
38 91 797
38 92 909
38 93 877
38 94 639
38 95 838
38 96 742
38 97 920
38 98 835
38 99 639
39 1 962
39 2 706
39 3 662
39 4 792
39 5 758
39 6 885
39 7 736
39 8 790
39 9 862
39 10 623
39 11 823
39 12 874
39 13 840
39 14 668
39 15 954
39 16 720
39 17 959
39 18 699
39 19 630
39 20 981
39 21 734
39 22 649
39 23 649
39 24 847
39 25 614
39 26 745
39 27 712
39 28 728
39 29 710
39 30 885
39 31 756
39 32 675
39 33 668
39 34 759
39 35 769
39 36 740
39 37 605
39 38 656
39 40 619
39 41 924
39 42 986
39 43 873
39 44 662
39 45 824
39 46 717
39 47 654
39 48 612
39 49 620
39 50 724
39 51 974
39 52 698
39 53 942
39 54 652
39 55 631
39 56 906
39 57 643
39 58 889
39 59 794
39 60 785
39 61 893
39 62 608
39 63 879
39 64 717
39 65 745
39 66 665
39 67 646
39 68 829
39 69 956
39 70 997
39 71 899
39 72 724
39 73 784
39 74 936
39 75 653
39 76 839
39 77 875
39 78 739
39 79 631
39 80 732
39 81 850
39 82 744
39 83 787
39 84 610
39 85 681
39 86 661
39 87 774
39 88 783
39 89 613
39 90 605
39 91 843
39 92 890
39 93 733
39 94 619
39 95 989
39 96 755
39 97 926
39 98 657
39 99 842
40 1 672
40 2 953
40 3 665
40 4 665
40 5 722
40 6 922
40 7 857
40 8 843
40 9 727
40 10 932
40 11 780
40 12 769
40 13 791
40 14 611
40 15 739
40 16 896
40 17 826
40 18 854
40 19 964
40 20 676
40 21 763
40 22 953
40 23 748
40 24 975
40 25 808
40 26 768
40 27 847
40 28 956
40 29 605
40 30 749
40 31 795
40 32 698
40 33 748
40 34 696
40 35 731
40 36 711
40 37 783
40 38 735
40 39 619
40 41 990
40 42 856
40 43 614
40 44 947
40 45 836
40 46 640
40 47 833
40 48 620
40 49 605
40 50 971
40 51 692
40 52 893
40 53 652
40 54 719
40 55 669
40 56 610
40 57 892
40 58 899
40 59 679
40 60 973
40 61 782
40 62 746
40 63 841
40 64 803
40 65 957
40 66 664
40 67 830
40 68 929
40 69 799
40 70 905
40 71 696
40 72 839
40 73 820
40 74 814
40 75 784
40 76 986
40 77 933
40 78 743
40 79 741
40 80 731
40 81 768
40 82 694
40 83 604
40 84 897
40 85 979
40 86 975
40 87 695
40 88 653
40 89 768
40 90 996
40 91 982
40 92 975
40 93 996
40 94 833
40 95 683
40 96 601
40 97 997
40 98 851
40 99 649
41 1 761
41 2 973
41 3 654
41 4 851
41 5 894
41 6 626
41 7 630
41 8 795
41 9 757
41 10 720
41 11 895
41 12 772
41 13 864
41 14 804
41 15 681
41 16 963
41 17 685
41 18 958
41 19 940
41 20 885
41 21 926
41 22 852
41 23 787
41 24 641
41 25 669
41 26 783
41 27 634
41 28 715
41 29 906
41 30 969
41 31 802
41 32 733
41 33 831
41 34 759
41 35 905
41 36 766
41 37 604
41 38 674
41 39 924
41 40 990
41 42 814
41 43 672
41 44 987
41 45 754
41 46 926
41 47 896
41 48 910
41 49 612
41 50 777
41 51 913
41 52 667
41 53 767
41 54 800
41 55 697
41 56 723
41 57 794
41 58 714
41 59 763
41 60 758
41 61 947
41 62 890
41 63 752
41 64 777
41 65 775
41 66 888
41 67 855
41 68 615
41 69 816
41 70 704
41 71 996
41 72 726
41 73 806
41 74 838
41 75 830
41 76 978
41 77 649
41 78 939
41 79 742
41 80 922
41 81 805
41 82 862
41 83 638
41 84 817
41 85 612
41 86 909
41 87 977
41 88 723
41 89 673
41 90 932
41 91 760
41 92 703
41 93 636
41 94 993
41 95 972
41 96 880
41 97 693
41 98 751
41 99 673
42 1 819
42 2 770
42 3 726
42 4 659
42 5 850
42 6 711
42 7 800
42 8 964
42 9 773
42 10 999
42 11 704
42 12 999
42 13 717
42 14 931
42 15 888
42 16 799
42 17 606
42 18 979
