s 1 986
s 2 831
s 3 709
s 4 709
s 5 864
s 6 889
s 7 717
s 8 812
s 9 959
s 10 850
s 11 963
s 12 749
s 13 808
s 14 755
s 15 845
s 16 964
s 17 910
s 18 847
s 19 702
s 20 906
s 21 702
s 22 738
s 23 961
s 24 714
s 25 868
s 26 751
s 27 736
s 28 842
s 29 954
s 30 839
s 31 881
s 32 914
s 33 852
s 34 945
s 35 732
s 36 767
s 37 952
s 38 861
s 39 947
s 40 969
s 41 854
s 42 948
s 43 914
s 44 744
s 45 772
s 46 813
s 47 718
s 48 873
s 49 746
s 50 750
s 51 741
s 52 820
s 53 770
s 54 972
s 55 956
s 56 957
s 57 958
s 58 717
s 59 952
s 60 978
s 61 710
s 62 767
s 63 853
s 64 813
s 65 979
s 66 799
s 67 897
s 68 744
s 69 806
s 70 733
s 71 927
s 72 703
s 73 916
s 74 788
s 75 981
s 76 804
s 77 861
s 78 882
s 79 982
s 80 944
s 81 775
s 82 802
s 83 871
s 84 991
s 85 982
s 86 999
s 87 760
s 88 708
s 89 719
s 90 987
s 91 849
s 92 933
s 93 742
s 94 972
s 95 986
s 96 747
s 97 998
s 98 956
s 99 705
1 2 948
1 3 977
1 4 928
1 5 841
1 6 996
1 7 855
1 8 706
1 9 711
1 10 828
1 11 852
1 12 979
1 13 785
1 14 829
1 15 705
1 16 935
1 17 777
1 18 874
1 19 903
1 20 977
1 21 804
1 22 767
1 23 884
1 24 794
1 25 903
1 26 851
1 27 895
1 28 913
1 29 967
1 30 884
1 31 969
1 32 782
1 33 829
1 34 828
1 35 788
1 36 781
1 37 1000
1 38 833
1 39 877
1 40 953
1 41 916
1 42 988
1 43 842
1 44 845
1 45 794
1 46 799
1 47 708
1 48 860
1 49 839
1 50 737
1 51 857
1 52 965
1 53 876
1 54 992
1 55 847
1 56 932
1 57 891
1 58 921
1 59 810
1 60 896
1 61 916
1 62 800
1 63 909
1 64 998
1 65 827
1 66 725
1 67 706
1 68 1000
1 69 767
1 70 855
1 71 949
1 72 719
1 73 775
1 74 726
1 75 798
1 76 734
1 77 905
1 78 736
1 79 782
1 80 893
1 81 898
1 82 751
1 83 982
1 84 709
1 85 907
1 86 828
1 87 812
1 88 996
1 89 960
1 90 984
1 91 813
1 92 844
1 93 866
1 94 944
1 95 880
1 96 751
1 97 975
1 98 744
1 99 761
2 1 948
2 3 896
2 4 739
2 5 794
2 6 837
2 7 825
2 8 803
2 9 995
2 10 932
2 11 783
2 12 828
2 13 908
2 14 865
2 15 811
2 16 775
2 17 702
2 18 706
2 19 729
2 20 898
2 21 848
2 22 854
2 23 827
2 24 912
2 25 878
2 26 743
2 27 976
2 28 784
2 29 989
2 30 716
2 31 920
2 32 997
2 33 872
2 34 948
2 35 722
2 36 907
2 37 815
2 38 970
2 39 733
2 40 955
2 41 919
2 42 934
2 43 817
2 44 954
2 45 845
2 46 712
2 47 762
2 48 980
2 49 908
2 50 885
2 51 792
2 52 821
2 53 850
2 54 874
2 55 730
2 56 834
2 57 995
2 58 803
2 59 908
2 60 875
2 61 856
2 62 714
2 63 701
2 64 801
2 65 787
2 66 900
2 67 786
2 68 703
2 69 905
2 70 806
2 71 937
2 72 878
2 73 957
2 74 776
2 75 986
2 76 870
2 77 706
2 78 945
2 79 803
2 80 950
2 81 922
2 82 836
2 83 798
2 84 935
2 85 762
2 86 782
2 87 784
2 88 969
2 89 950
2 90 845
2 91 886
2 92 964
2 93 889
2 94 858
2 95 969
2 96 981
2 97 765
2 98 932
2 99 754
3 1 977
3 2 896
3 4 868
3 5 709
3 6 790
3 7 769
3 8 722
3 9 875
3 10 726
3 11 975
3 12 819
3 13 839
3 14 749
3 15 741
3 16 705
3 17 705
3 18 900
3 19 816
3 20 755
3 21 776
3 22 957
3 23 829
3 24 959
3 25 793
3 26 974
3 27 871
3 28 911
3 29 918
3 30 808
3 31 966
3 32 790
3 33 805
3 34 703
3 35 849
3 36 882
3 37 826
3 38 901
3 39 781
3 40 838
3 41 777
3 42 733
3 43 963
3 44 858
3 45 827
3 46 798
3 47 703
3 48 967
3 49 793
3 50 737
3 51 968
3 52 702
3 53 918
3 54 996
3 55 800
3 56 880
3 57 818
3 58 841
3 59 701
3 60 918
3 61 911
3 62 931
3 63 969
3 64 769
3 65 866
3 66 713
3 67 924
3 68 953
3 69 981
3 70 948
3 71 751
3 72 933
3 73 851
3 74 926
3 75 947
3 76 901
3 77 742
3 78 776
3 79 918
3 80 942
3 81 859
3 82 915
3 83 862
3 84 752
3 85 954
3 86 883
3 87 982
3 88 974
3 89 961
3 90 801
3 91 725
3 92 753
3 93 892
3 94 934
3 95 895
3 96 930
3 97 979
3 98 944
3 99 891
4 1 928
4 2 739
4 3 868
4 5 844
4 6 870
4 7 960
4 8 805
4 9 710
4 10 854
4 11 719
4 12 953
4 13 975
4 14 722
4 15 771
4 16 805
4 17 983
4 18 840
4 19 920
4 20 825
4 21 705
4 22 890
4 23 952
4 24 914
4 25 842
4 26 709
4 27 963
4 28 800
4 29 821
4 30 953
4 31 992
4 32 724
4 33 872
4 34 957
4 35 707
4 36 769
4 37 913
4 38 896
4 39 913
4 40 822
4 41 979
4 42 986
4 43 805
4 44 738
4 45 748
4 46 761
4 47 784
4 48 746
4 49 851
4 50 862
4 51 707
4 52 751
4 53 769
4 54 946
4 55 718
4 56 913
4 57 702
4 58 731
4 59 805
4 60 965
4 61 957
4 62 986
4 63 987
4 64 803
4 65 949
4 66 939
4 67 786
4 68 741
4 69 894
4 70 794
4 71 709
4 72 848
4 73 788
4 74 936
4 75 833
4 76 910
4 77 780
4 78 873
4 79 989
4 80 910
4 81 912
4 82 859
4 83 941
4 84 817
4 85 754
4 86 726
4 87 804
4 88 700
4 89 806
4 90 988
4 91 876
4 92 722
4 93 857
4 94 749
4 95 882
4 96 879
4 97 734
4 98 828
4 99 713
5 1 841
5 2 794
5 3 709
5 4 844
5 6 774
5 7 936
5 8 820
5 9 992
5 10 797
5 11 981
5 12 872
5 13 831
5 14 989
5 15 888
5 16 914
5 17 812
5 18 947
5 19 835
5 20 760
5 21 856
5 22 940
5 23 735
5 24 923
5 25 930
5 26 794
5 27 912
5 28 795
5 29 770
5 30 810
5 31 946
5 32 968
5 33 860
5 34 769
5 35 995
5 36 717
5 37 814
5 38 855
5 39 796
5 40 880
5 41 757
5 42 860
5 43 771
5 44 966
5 45 821
5 46 941
5 47 933
5 48 986
5 49 826
5 50 957
5 51 972
5 52 961
5 53 968
5 54 903
5 55 921
5 56 909
5 57 900
5 58 703
5 59 828
5 60 734
5 61 738
5 62 710
5 63 914
5 64 702
5 65 745
5 66 792
5 67 916
5 68 953
5 69 973
5 70 937
5 71 924
5 72 959
5 73 964
5 74 952
5 75 856
5 76 931
5 77 870
5 78 811
5 79 935
5 80 795
5 81 950
5 82 706
5 83 784
5 84 758
5 85 853
5 86 897
5 87 850
5 88 906
5 89 815
5 90 994
5 91 858
5 92 855
5 93 706
5 94 764
5 95 852
5 96 866
5 97 999
5 98 999
5 99 835
6 1 996
6 2 837
6 3 790
6 4 870
6 5 774
6 7 842
6 8 826
6 9 899
6 10 956
6 11 954
6 12 777
6 13 913
6 14 730
6 15 923
6 16 833
6 17 815
6 18 743
6 19 785
6 20 716
6 21 887
6 22 913
6 23 942
6 24 779
6 25 710
6 26 934
6 27 960
6 28 811
6 29 951
6 30 913
6 31 821
6 32 803
6 33 979
6 34 960
6 35 803
6 36 782
6 37 864
6 38 930
6 39 946
6 40 918
6 41 874
6 42 858
6 43 847
6 44 966
6 45 802
6 46 792
6 47 801
6 48 786
6 49 735
6 50 895
6 51 735
6 52 997
6 53 961
6 54 990
6 55 917
6 56 950
6 57 868
6 58 927
6 59 930
6 60 833
6 61 863
6 62 876
6 63 810
6 64 932
6 65 764
6 66 936
6 67 862
6 68 908
6 69 918
6 70 958
6 71 965
6 72 783
6 73 979
6 74 720
6 75 741
6 76 985
6 77 996
6 78 766
6 79 887
6 80 907
6 81 726
6 82 722
6 83 832
6 84 945
6 85 997
6 86 987
6 87 755
6 88 706
6 89 868
6 90 802
6 91 882
6 92 897
6 93 961
6 94 891
6 95 856
6 96 852
6 97 988
6 98 911
6 99 988
7 1 855
7 2 825
7 3 769
7 4 960
7 5 936
7 6 842
7 8 798
7 9 949
7 10 748
7 11 762
7 12 706
7 13 720
7 14 951
7 15 777
7 16 805
7 17 720
7 18 894
7 19 992
7 20 778
7 21 779
7 22 953
7 23 744
7 24 998
7 25 708
7 26 814
7 27 727
7 28 738
7 29 980
7 30 955
7 31 957
7 32 716
7 33 965
7 34 748
7 35 882
7 36 962
7 37 852
7 38 898
7 39 909
7 40 784
7 41 946
7 42 858
7 43 927
7 44 787
7 45 901
7 46 776
7 47 765
7 48 790
7 49 749
7 50 807
7 51 848
7 52 853
7 53 984
7 54 810
7 55 836
7 56 837
7 57 869
7 58 955
7 59 956
7 60 953
7 61 876
7 62 794
7 63 935
7 64 824
7 65 739
7 66 892
7 67 987
7 68 825
7 69 737
7 70 838
7 71 786
7 72 874
7 73 953
7 74 921
7 75 831
7 76 798
7 77 703
7 78 936
7 79 808
7 80 711
7 81 734
7 82 970
7 83 802
7 84 994
7 85 810
7 86 747
7 87 932
7 88 922
7 89 779
7 90 992
7 91 893
7 92 915
7 93 833
7 94 776
7 95 926
7 96 869
7 97 876
7 98 823
7 99 924
8 1 706
8 2 803
8 3 722
8 4 805
8 5 820
8 6 826
8 7 798
8 9 872
8 10 862
8 11 923
8 12 858
8 13 940
8 14 920
8 15 957
8 16 765
8 17 995
8 18 721
8 19 935
8 20 775
8 21 955
8 22 890
8 23 841
8 24 907
8 25 914
8 26 839
8 27 744
8 28 956
8 29 973
8 30 962
8 31 729
8 32 991
8 33 967
8 34 967
8 35 982
8 36 905
8 37 997
8 38 907
8 39 889
8 40 874
8 41 827
8 42 916
8 43 752
8 44 701
8 45 841
8 46 917
8 47 991
8 48 931
8 49 812
8 50 869
8 51 994
8 52 971
8 53 831
8 54 772
8 55 915
8 56 738
8 57 897
8 58 946
8 59 833
8 60 734
8 61 826
8 62 768
8 63 959
8 64 825
8 65 948
8 66 729
8 67 820
8 68 931
8 69 956
8 70 752
8 71 854
8 72 972
8 73 710
8 74 714
8 75 821
8 76 896
8 77 964
8 78 842
8 79 760
8 80 702
8 81 973
8 82 789
8 83 853
8 84 762
8 85 868
8 86 713
8 87 783
8 88 701
8 89 919
8 90 957
8 91 975
8 92 930
8 93 999
8 94 907
8 95 806
8 96 823
8 97 984
8 98 702
8 99 939
9 1 711
9 2 995
9 3 875
9 4 710
9 5 992
9 6 899
9 7 949
9 8 872
9 10 904
9 11 795
9 12 717
9 13 753
9 14 915
9 15 881
9 16 767
9 17 891
9 18 884
9 19 736
9 20 844
9 21 700
9 22 898
9 23 975
9 24 786
9 25 821
9 26 795
9 27 853
9 28 988
9 29 770
9 30 716
9 31 756
9 32 738
9 33 733
9 34 768
9 35 909
9 36 976
9 37 787
9 38 995
9 39 916
9 40 840
9 41 750
9 42 1000
9 43 830
9 44 953
9 45 893
9 46 833
9 47 786
9 48 870
9 49 894
9 50 947
9 51 722
9 52 729
9 53 858
9 54 723
9 55 893
9 56 915
9 57 990
9 58 770
9 59 922
9 60 947
9 61 839
9 62 837
9 63 928
9 64 921
9 65 797
9 66 708
9 67 721
9 68 975
9 69 735
9 70 901
9 71 720
9 72 711
9 73 923
9 74 761
9 75 848
9 76 717
9 77 723
9 78 741
9 79 963
9 80 813
9 81 774
9 82 835
9 83 888
9 84 954
9 85 732
9 86 723
9 87 959
9 88 738
9 89 728
9 90 700
9 91 978
9 92 828
9 93 875
9 94 955
9 95 986
9 96 750
9 97 730
9 98 816
9 99 997
10 1 828
10 2 932
10 3 726
10 4 854
10 5 797
10 6 956
10 7 748
10 8 862
10 9 904
10 11 723
10 12 941
10 13 758
10 14 794
10 15 804
10 16 935
10 17 899
10 18 842
10 19 819
10 20 759
10 21 805
10 22 949
10 23 963
10 24 749
10 25 894
10 26 741
10 27 834
10 28 704
10 29 798
10 30 907
10 31 840
10 32 703
10 33 891
10 34 723
10 35 931
10 36 841
10 37 887
10 38 899
10 39 874
10 40 794
10 41 707
10 42 845
10 43 805
10 44 718
10 45 1000
10 46 900
10 47 908
10 48 890
10 49 754
10 50 930
10 51 988
10 52 827
10 53 924
10 54 728
10 55 903
10 56 869
10 57 757
10 58 802
10 59 990
10 60 784
10 61 790
10 62 949
10 63 760
10 64 931
10 65 895
10 66 716
10 67 829
10 68 855
10 69 896
10 70 913
10 71 913
10 72 885
10 73 864
10 74 769
10 75 914
10 76 777
10 77 886
10 78 718
10 79 875
10 80 957
10 81 731
10 82 892
10 83 939
10 84 753
10 85 896
10 86 860
10 87 763
10 88 796
10 89 739
10 90 736
10 91 968
10 92 947
10 93 881
10 94 813
10 95 783
10 96 738
10 97 938
10 98 938
10 99 839
11 1 852
11 2 783
11 3 975
11 4 719
11 5 981
11 6 954
11 7 762
11 8 923
11 9 795
11 10 723
11 12 992
11 13 893
11 14 867
11 15 702
11 16 748
11 17 861
11 18 786
11 19 887
11 20 968
11 21 770
11 22 963
11 23 955
11 24 902
11 25 974
11 26 710
11 27 972
11 28 886
11 29 742
11 30 723
11 31 848
11 32 926
11 33 884
11 34 728
11 35 895
11 36 939
11 37 798
11 38 861
11 39 953
11 40 827
11 41 730
11 42 734
11 43 821
11 44 904
11 45 976
11 46 888
11 47 731
11 48 755
11 49 815
11 50 734
11 51 926
11 52 837
11 53 914
11 54 849
11 55 900
11 56 864
11 57 774
11 58 717
11 59 794
11 60 753
11 61 813
11 62 900
11 63 998
11 64 932
11 65 864
11 66 767
11 67 904
11 68 727
11 69 852
11 70 718
11 71 880
11 72 990
11 73 877
11 74 926
11 75 843
11 76 976
11 77 748
11 78 886
11 79 798
11 80 753
11 81 854
11 82 784
11 83 870
11 84 820
11 85 856
11 86 973
11 87 807
11 88 766
11 89 724
11 90 739
11 91 948
11 92 756
11 93 958
11 94 933
11 95 709
11 96 955
11 97 849
11 98 865
11 99 943
12 1 979
12 2 828
12 3 819
12 4 953
12 5 872
12 6 777
12 7 706
12 8 858
12 9 717
12 10 941
12 11 992
12 13 913
12 14 968
12 15 735
12 16 992
12 17 915
12 18 893
12 19 982
12 20 838
12 21 939
12 22 825
12 23 979
12 24 813
12 25 944
12 26 896
12 27 966
12 28 796
12 29 917
12 30 734
12 31 709
12 32 877
12 33 961
12 34 997
12 35 768
12 36 898
12 37 750
12 38 761
12 39 708
12 40 787
12 41 711
12 42 710
12 43 892
12 44 816
12 45 936
12 46 749
12 47 918
12 48 709
12 49 815
12 50 718
12 51 865
12 52 801
12 53 922
12 54 919
12 55 972
12 56 917
12 57 709
12 58 751
12 59 900
12 60 819
12 61 971
12 62 712
12 63 700
12 64 802
12 65 772
12 66 968
12 67 910
12 68 783
12 69 908
12 70 869
12 71 921
12 72 753
12 73 900
12 74 1000
12 75 1000
12 76 895
12 77 850
12 78 993
12 79 973
12 80 874
12 81 888
12 82 975
12 83 954
12 84 946
12 85 710
12 86 810
12 87 961
12 88 848
12 89 738
12 90 895
12 91 703
12 92 786
12 93 881
12 94 841
12 95 825
12 96 874
12 97 873
12 98 871
12 99 920
13 1 785
13 2 908
13 3 839
13 4 975
13 5 831
13 6 913
13 7 720
13 8 940
13 9 753
13 10 758
13 11 893
13 12 913
13 14 822
13 15 774
13 16 808
13 17 965
13 18 833
13 19 715
13 20 864
13 21 700
13 22 814
13 23 838
13 24 882
13 25 983
13 26 703
13 27 885
13 28 875
13 29 860
13 30 949
13 31 747
13 32 853
13 33 986
13 34 974
13 35 848
13 36 751
13 37 744
13 38 700
13 39 717
13 40 704
13 41 754
13 42 828
13 43 954
13 44 948
13 45 766
13 46 830
13 47 796
13 48 855
13 49 802
13 50 806
13 51 932
13 52 936
13 53 792
13 54 797
13 55 746
13 56 978
13 57 905
13 58 844
13 59 731
13 60 885
13 61 899
13 62 744
13 63 886
13 64 859
13 65 828
13 66 819
13 67 788
13 68 999
13 69 973
13 70 748
13 71 763
13 72 783
13 73 839
13 74 953
13 75 819
13 76 720
13 77 924
13 78 855
13 79 852
13 80 801
13 81 909
13 82 886
13 83 734
13 84 711
13 85 988
13 86 755
13 87 956
13 88 788
13 89 976
13 90 802
13 91 806
13 92 882
13 93 890
13 94 818
13 95 940
13 96 974
13 97 990
13 98 766
13 99 961
14 1 829
14 2 865
14 3 749
14 4 722
14 5 989
14 6 730
14 7 951
14 8 920
14 9 915
14 10 794
14 11 867
14 12 968
14 13 822
14 15 842
14 16 1000
14 17 809
14 18 763
14 19 948
14 20 839
14 21 933
14 22 995
14 23 964
14 24 952
14 25 953
14 26 808
14 27 805
14 28 704
14 29 998
14 30 851
14 31 848
14 32 940
14 33 971
14 34 722
14 35 951
14 36 913
14 37 870
14 38 1000
14 39 856
14 40 810
14 41 799
14 42 929
14 43 825
14 44 914
14 45 997
14 46 964
14 47 954
14 48 804
14 49 862
14 50 754
14 51 733
14 52 971
14 53 961
14 54 801
14 55 853
14 56 896
14 57 853
14 58 861
14 59 812
14 60 847
14 61 705
14 62 865
14 63 851
14 64 818
14 65 752
14 66 967
14 67 823
14 68 956
14 69 788
14 70 753
14 71 874
14 72 940
14 73 946
14 74 878
14 75 817
14 76 956
14 77 749
14 78 948
14 79 782
14 80 733
14 81 980
14 82 943
14 83 933
14 84 860
14 85 827
14 86 878
14 87 812
14 88 935
14 89 1000
14 90 765
14 91 838
14 92 771
14 93 829
14 94 909
14 95 885
14 96 884
14 97 929
14 98 917
14 99 939
15 1 705
15 2 811
15 3 741
15 4 771
15 5 888
15 6 923
15 7 777
15 8 957
15 9 881
15 10 804
15 11 702
15 12 735
15 13 774
15 14 842
15 16 914
15 17 944
15 18 874
15 19 976
15 20 900
15 21 829
15 22 761
15 23 895
15 24 879
15 25 781
15 26 908
15 27 724
15 28 885
15 29 720
15 30 875
15 31 978
15 32 760
15 33 840
15 34 897
15 35 833
15 36 890
15 37 933
15 38 806
15 39 731
15 40 791
15 41 856
15 42 782
15 43 822
15 44 770
15 45 963
15 46 807
15 47 738
15 48 911
15 49 814
15 50 770
15 51 736
15 52 829
15 53 921
15 54 740
15 55 754
15 56 956
15 57 988
15 58 921
15 59 926
15 60 786
15 61 946
15 62 992
15 63 888
15 64 914
15 65 914
15 66 959
15 67 991
15 68 782
15 69 857
15 70 993
15 71 855
15 72 995
15 73 999
15 74 874
15 75 912
15 76 952
15 77 944
15 78 735
15 79 850
15 80 809
15 81 832
15 82 923
15 83 964
15 84 967
15 85 916
15 86 866
15 87 974
15 88 747
15 89 874
15 90 880
15 91 935
15 92 745
15 93 1000
15 94 841
15 95 801
15 96 1000
15 97 886
15 98 831
15 99 842
16 1 935
16 2 775
16 3 705
16 4 805
16 5 914
16 6 833
16 7 805
16 8 765
16 9 767
16 10 935
16 11 748
16 12 992
16 13 808
16 14 1000
16 15 914
16 17 809
16 18 887
16 19 702
16 20 986
16 21 795
16 22 893
16 23 993
16 24 740
16 25 927
16 26 869
16 27 859
16 28 851
16 29 753
16 30 764
16 31 970
16 32 802
16 33 765
16 34 719
16 35 852
16 36 893
16 37 937
16 38 795
16 39 778
16 40 736
16 41 908
16 42 817
16 43 856
16 44 781
16 45 810
16 46 762
16 47 934
16 48 864
16 49 863
16 50 741
16 51 744
16 52 988
16 53 891
16 54 897
16 55 743
16 56 808
16 57 886
16 58 891
16 59 823
16 60 722
16 61 745
16 62 701
16 63 786
16 64 884
16 65 852
16 66 811
16 67 726
16 68 961
16 69 732
16 70 888
16 71 775
16 72 997
16 73 784
16 74 921
16 75 809
16 76 903
16 77 908
16 78 783
16 79 791
16 80 974
16 81 915
16 82 804
16 83 779
16 84 803
16 85 769
16 86 727
16 87 736
16 88 755
16 89 846
16 90 949
16 91 762
16 92 745
16 93 975
16 94 857
16 95 966
16 96 931
16 97 994
16 98 777
16 99 759
17 1 777
17 2 702
17 3 705
17 4 983
17 5 812
17 6 815
17 7 720
17 8 995
17 9 891
17 10 899
17 11 861
17 12 915
17 13 965
17 14 809
17 15 944
17 16 809
17 18 980
17 19 987
17 20 922
17 21 876
17 22 780
17 23 980
17 24 766
17 25 928
17 26 960
17 27 835
17 28 868
17 29 751
17 30 889
17 31 847
17 32 886
17 33 751
17 34 722
17 35 816
17 36 946
17 37 724
17 38 947
17 39 814
17 40 934
17 41 934
17 42 986
17 43 833
17 44 791
17 45 907
17 46 848
17 47 931
17 48 922
17 49 901
17 50 972
17 51 735
17 52 748
17 53 738
17 54 879
17 55 893
17 56 784
17 57 771
17 58 957
17 59 881
17 60 988
17 61 820
17 62 721
17 63 903
17 64 763
17 65 832
17 66 812
17 67 887
17 68 988
17 69 973
17 70 757
17 71 873
17 72 824
17 73 782
17 74 715
17 75 799
17 76 730
17 77 896
17 78 730
17 79 884
17 80 743
17 81 961
17 82 786
17 83 939
17 84 866
17 85 890
17 86 766
17 87 974
17 88 740
17 89 837
17 90 722
17 91 756
17 92 903
17 93 750
17 94 763
17 95 930
17 96 953
17 97 771
17 98 975
17 99 862
18 1 874
18 2 706
18 3 900
18 4 840
18 5 947
18 6 743
18 7 894
18 8 721
18 9 884
18 10 842
18 11 786
18 12 893
18 13 833
18 14 763
18 15 874
18 16 887
18 17 980
18 19 881
18 20 969
18 21 868
18 22 750
18 23 952
18 24 980
18 25 979
18 26 791
18 27 770
18 28 794
18 29 750
18 30 833
18 31 842
18 32 790
18 33 986
18 34 704
18 35 780
18 36 720
18 37 811
18 38 745
18 39 914
18 40 872
18 41 906
18 42 740
18 43 942
18 44 907
18 45 948
18 46 737
18 47 974
18 48 910
18 49 775
18 50 879
18 51 917
18 52 852
18 53 811
18 54 792
18 55 956
18 56 904
18 57 944
18 58 988
18 59 821
18 60 726
18 61 710
18 62 899
18 63 935
18 64 708
18 65 922
18 66 911
18 67 883
18 68 899
18 69 969
18 70 791
18 71 753
18 72 861
18 73 789
18 74 912
18 75 844
18 76 738
18 77 815
18 78 906
18 79 893
18 80 859
18 81 739
18 82 843
18 83 711
18 84 788
18 85 933
18 86 841
18 87 797
18 88 878
18 89 946
18 90 783
18 91 783
18 92 871
18 93 738
18 94 817
18 95 815
18 96 985
18 97 986
18 98 960
18 99 778
19 1 903
19 2 729
19 3 816
19 4 920
19 5 835
19 6 785
19 7 992
19 8 935
19 9 736
19 10 819
19 11 887
19 12 982
19 13 715
19 14 948
19 15 976
19 16 702
19 17 987
19 18 881
19 20 705
19 21 828
19 22 746
19 23 771
19 24 975
19 25 843
19 26 868
19 27 729
19 28 713
19 29 944
19 30 758
19 31 802
19 32 782
19 33 870
19 34 963
19 35 855
19 36 772
19 37 841
19 38 807
19 39 974
19 40 866
19 41 918
19 42 952
19 43 874
19 44 901
19 45 880
19 46 907
19 47 713
19 48 955
19 49 749
19 50 731
19 51 873
19 52 830
19 53 938
19 54 855
19 55 937
19 56 889
19 57 743
19 58 828
19 59 702
19 60 769
19 61 786
19 62 827
19 63 988
19 64 792
19 65 889
19 66 972
19 67 823
19 68 810
19 69 827
19 70 743
19 71 944
19 72 770
19 73 919
19 74 791
19 75 776
19 76 974
19 77 787
19 78 723
19 79 993
19 80 806
19 81 737
19 82 868
19 83 871
19 84 801
19 85 895
19 86 850
19 87 862
19 88 763
19 89 982
19 90 820
19 91 765
19 92 881
19 93 727
19 94 937
19 95 979
19 96 757
19 97 995
19 98 763
19 99 858
20 1 977
20 2 898
20 3 755
20 4 825
20 5 760
20 6 716
20 7 778
20 8 775
20 9 844
20 10 759
20 11 968
20 12 838
20 13 864
20 14 839
20 15 900
20 16 986
20 17 922
20 18 969
20 19 705
20 21 986
20 22 834
20 23 970
20 24 944
20 25 832
20 26 835
20 27 881
20 28 892
20 29 927
20 30 973
20 31 775
20 32 962
20 33 937
20 34 880
20 35 858
20 36 770
20 37 721
20 38 850
20 39 873
20 40 761
20 41 956
20 42 980
20 43 947
20 44 979
20 45 835
20 46 843
20 47 941
20 48 881
20 49 719
20 50 798
20 51 872
20 52 870
20 53 763
20 54 884
20 55 994
20 56 722
20 57 995
20 58 794
20 59 922
20 60 920
20 61 870
20 62 838
20 63 910
20 64 916
20 65 985
20 66 803
20 67 851
20 68 772
20 69 889
20 70 730
20 71 983
20 72 784
20 73 976
20 74 812
20 75 842
20 76 874
20 77 980
20 78 880
20 79 860
20 80 901
20 81 975
20 82 719
20 83 816
20 84 909
20 85 721
20 86 752
20 87 988
20 88 868
20 89 704
20 90 794
20 91 941
20 92 931
20 93 838
20 94 773
20 95 762
20 96 992
20 97 842
20 98 703
20 99 775
21 1 804
21 2 848
21 3 776
21 4 705
21 5 856
21 6 887
21 7 779
21 8 955
21 9 700
21 10 805
21 11 770
21 12 939
21 13 700
21 14 933
21 15 829
21 16 795
21 17 876
21 18 868
21 19 828
21 20 986
21 22 799
21 23 976
21 24 940
21 25 801
21 26 750
21 27 733
21 28 772
21 29 763
21 30 762
21 31 870
21 32 935
21 33 979
21 34 748
21 35 808
21 36 818
21 37 778
21 38 700
21 39 765
21 40 861
21 41 710
21 42 896
21 43 737
21 44 892
21 45 814
21 46 820
21 47 829
21 48 891
21 49 885
21 50 904
21 51 721
21 52 946
21 53 982
21 54 762
21 55 932
21 56 758
21 57 842
21 58 761
21 59 981
21 60 847
21 61 857
21 62 955
21 63 849
21 64 861
21 65 903
21 66 873
21 67 746
21 68 726
21 69 810
21 70 910
21 71 871
21 72 714
21 73 879
21 74 834
21 75 712
21 76 871
21 77 921
21 78 766
21 79 812
21 80 718
21 81 731
21 82 841
21 83 971
21 84 713
21 85 792
21 86 890
21 87 912
21 88 930
21 89 786
21 90 729
21 91 993
21 92 792
21 93 772
21 94 918
21 95 975
21 96 725
21 97 918
21 98 949
21 99 869
22 1 767
22 2 854
22 3 957
22 4 890
22 5 940
22 6 913
22 7 953
22 8 890
22 9 898
22 10 949
22 11 963
22 12 825
22 13 814
22 14 995
22 15 761
22 16 893
22 17 780
22 18 750
22 19 746
22 20 834
22 21 799
22 23 827
22 24 970
22 25 718
22 26 878
22 27 798
22 28 992
22 29 769
22 30 772
22 31 852
22 32 713
22 33 755
22 34 922
22 35 780
22 36 821
22 37 857
22 38 838
22 39 918
22 40 920
22 41 765
22 42 862
22 43 749
22 44 783
22 45 860
22 46 992
22 47 855
22 48 998
22 49 740
22 50 821
22 51 878
22 52 700
22 53 875
22 54 977
22 55 729
22 56 824
22 57 770
22 58 738
22 59 927
22 60 951
22 61 840
22 62 955
22 63 990
22 64 907
22 65 862
22 66 712
22 67 742
22 68 913
22 69 705
22 70 880
22 71 966
22 72 810
22 73 765
22 74 742
22 75 886
22 76 799
22 77 918
22 78 963
22 79 858
22 80 741
22 81 702
22 82 737
22 83 883
22 84 945
22 85 776
22 86 826
22 87 729
22 88 749
22 89 792
22 90 873
22 91 909
22 92 937
22 93 987
22 94 839
22 95 869
22 96 751
22 97 810
22 98 812
22 99 887
23 1 884
23 2 827
23 3 829
23 4 952
23 5 735
23 6 942
23 7 744
23 8 841
23 9 975
23 10 963
23 11 955
23 12 979
23 13 838
23 14 964
23 15 895
23 16 993
23 17 980
23 18 952
23 19 771
23 20 970
23 21 976
23 22 827
23 24 909
23 25 922
23 26 823
23 27 839
23 28 731
23 29 809
23 30 954
23 31 853
23 32 898
23 33 945
23 34 864
23 35 826
23 36 985
23 37 833
23 38 979
23 39 973
23 40 939
23 41 878
23 42 872
23 43 837
23 44 887
23 45 926
23 46 892
23 47 846
23 48 778
23 49 959
23 50 918
23 51 876
23 52 805
23 53 870
23 54 773
23 55 759
23 56 708
23 57 862
23 58 916
23 59 722
23 60 949
23 61 821
23 62 795
23 63 717
23 64 709
23 65 955
23 66 723
23 67 722
23 68 979
23 69 731
23 70 989
23 71 889
23 72 846
23 73 980
23 74 721
23 75 928
23 76 701
23 77 889
23 78 813
23 79 915
23 80 824
23 81 716
23 82 809
23 83 820
23 84 705
23 85 849
23 86 781
23 87 738
23 88 952
23 89 873
23 90 948
23 91 808
23 92 798
23 93 778
23 94 788
23 95 711
23 96 982
23 97 982
23 98 883
23 99 883
24 1 794
24 2 912
24 3 959
24 4 914
24 5 923
24 6 779
24 7 998
24 8 907
24 9 786
24 10 749
24 11 902
24 12 813
24 13 882
24 14 952
24 15 879
24 16 740
24 17 766
24 18 980
24 19 975
24 20 944
24 21 940
24 22 970
24 23 909
24 25 923
24 26 733
24 27 909
24 28 865
24 29 798
24 30 996
24 31 945
24 32 855
24 33 840
24 34 895
24 35 849
24 36 879
24 37 765
24 38 747
24 39 987
24 40 793
24 41 989
24 42 765
24 43 714
24 44 830
24 45 765
24 46 979
24 47 734
24 48 887
24 49 989
24 50 746
24 51 819
24 52 918
24 53 935
24 54 863
24 55 734
24 56 802
24 57 978
24 58 723
24 59 791
24 60 993
24 61 738
24 62 895
24 63 956
24 64 898
24 65 846
24 66 751
24 67 939
24 68 923
24 69 956
24 70 777
24 71 840
24 72 818
24 73 845
24 74 916
24 75 896
24 76 843
24 77 737
24 78 945
24 79 939
24 80 865
24 81 763
24 82 893
24 83 806
24 84 821
24 85 880
24 86 814
24 87 742
24 88 825
24 89 755
24 90 810
24 91 985
24 92 971
24 93 877
24 94 867
24 95 791
24 96 818
24 97 776
24 98 875
24 99 701
25 1 903
25 2 878
25 3 793
25 4 842
25 5 930
25 6 710
25 7 708
25 8 914
25 9 821
25 10 894
25 11 974
25 12 944
25 13 983
25 14 953
25 15 781
25 16 927
25 17 928
25 18 979
25 19 843
25 20 832
25 21 801
25 22 718
25 23 922
25 24 923
25 26 877
25 27 889
25 28 840
25 29 986
25 30 781
25 31 792
25 32 876
25 33 811
25 34 973
25 35 752
25 36 709
25 37 908
25 38 776
25 39 721
25 40 829
25 41 729
25 42 931
25 43 998
25 44 848
25 45 761
25 46 786
25 47 708
25 48 935
25 49 775
25 50 751
25 51 793
25 52 786
25 53 817
25 54 844
25 55 819
25 56 968
25 57 931
25 58 871
25 59 758
25 60 797
25 61 866
25 62 765
25 63 819
25 64 988
25 65 810
25 66 974
25 67 856
25 68 795
25 69 978
25 70 918
25 71 818
25 72 942
25 73 942
25 74 715
25 75 734
25 76 782
25 77 902
25 78 756
25 79 839
25 80 949
25 81 998
25 82 707
25 83 704
25 84 988
25 85 925
25 86 770
25 87 722
25 88 979
25 89 717
25 90 858
25 91 992
25 92 970
25 93 873
25 94 964
25 95 948
25 96 993
25 97 880
25 98 849
25 99 974
26 1 851
26 2 743
26 3 974
26 4 709
26 5 794
26 6 934
26 7 814
26 8 839
26 9 795
26 10 741
26 11 710
26 12 896
26 13 703
26 14 808
26 15 908
26 16 869
26 17 960
26 18 791
26 19 868
26 20 835
26 21 750
26 22 878
26 23 823
26 24 733
26 25 877
26 27 731
26 28 820
26 29 927
26 30 917
26 31 795
26 32 939
26 33 714
26 34 851
26 35 789
26 36 773
26 37 940
26 38 848
26 39 880
26 40 804
26 41 708
26 42 735
26 43 752
26 44 704
26 45 838
26 46 808
26 47 867
26 48 910
26 49 833
26 50 760
26 51 910
26 52 971
26 53 787
26 54 979
26 55 845
26 56 953
26 57 719
26 58 861
26 59 911
26 60 938
26 61 781
26 62 820
26 63 984
26 64 754
26 65 854
26 66 951
26 67 937
26 68 939
26 69 714
26 70 920
26 71 749
26 72 808
26 73 951
26 74 941
26 75 713
26 76 975
26 77 771
26 78 961
26 79 851
26 80 849
26 81 721
26 82 704
26 83 892
26 84 857
26 85 908
26 86 741
26 87 769
26 88 971
26 89 754
26 90 913
26 91 912
26 92 953
26 93 843
26 94 848
26 95 740
26 96 726
26 97 845
26 98 848
26 99 967
27 1 895
27 2 976
27 3 871
27 4 963
27 5 912
27 6 960
27 7 727
27 8 744
27 9 853
27 10 834
27 11 972
27 12 966
27 13 885
27 14 805
27 15 724
27 16 859
27 17 835
27 18 770
27 19 729
27 20 881
27 21 733
27 22 798
27 23 839
27 24 909
27 25 889
27 26 731
27 28 891
27 29 741
27 30 989
27 31 998
27 32 928
27 33 913
27 34 792
27 35 700
27 36 873
27 37 852
27 38 851
27 39 763
27 40 891
27 41 849
27 42 705
27 43 845
27 44 708
27 45 750
27 46 734
27 47 800
27 48 806
27 49 744
27 50 799
27 51 944
27 52 910
27 53 783
27 54 704
27 55 706
27 56 884
27 57 885
27 58 923
27 59 726
27 60 887
27 61 814
27 62 736
27 63 900
27 64 906
27 65 910
27 66 915
27 67 968
27 68 999
27 69 898
27 70 927
27 71 832
27 72 760
27 73 801
27 74 904
27 75 790
27 76 803
27 77 963
27 78 772
27 79 866
27 80 778
27 81 881
27 82 713
27 83 820
27 84 902
27 85 932
27 86 886
27 87 851
27 88 999
27 89 743
27 90 709
27 91 723
27 92 715
27 93 913
27 94 788
27 95 842
27 96 729
27 97 816
27 98 727
27 99 915
28 1 913
28 2 784
28 3 911
28 4 800
28 5 795
28 6 811
28 7 738
28 8 956
28 9 988
28 10 704
28 11 886
28 12 796
28 13 875
28 14 704
28 15 885
28 16 851
28 17 868
28 18 794
28 19 713
28 20 892
28 21 772
28 22 992
28 23 731
28 24 865
28 25 840
28 26 820
28 27 891
28 29 833
28 30 979
28 31 895
28 32 882
28 33 846
28 34 745
28 35 765
28 36 896
28 37 910
28 38 882
28 39 711
28 40 903
28 41 922
28 42 973
28 43 845
28 44 744
28 45 971
28 46 724
28 47 978
28 48 906
28 49 811
28 50 999
28 51 780
28 52 739
28 53 911
28 54 707
28 55 968
28 56 943
28 57 886
28 58 802
28 59 951
28 60 726
28 61 906
28 62 884
28 63 913
28 64 850
28 65 905
28 66 704
28 67 912
28 68 913
28 69 985
28 70 890
28 71 794
28 72 918
28 73 908
28 74 775
28 75 962
28 76 726
28 77 886
28 78 871
28 79 945
28 80 703
28 81 877
28 82 806
28 83 759
28 84 967
28 85 852
28 86 825
28 87 914
28 88 921
28 89 904
28 90 720
28 91 754
28 92 818
28 93 979
28 94 883
28 95 729
28 96 973
28 97 932
28 98 942
28 99 825
29 1 967
29 2 989
29 3 918
29 4 821
29 5 770
29 6 951
29 7 980
29 8 973
29 9 770
29 10 798
29 11 742
29 12 917
29 13 860
29 14 998
29 15 720
29 16 753
29 17 751
29 18 750
29 19 944
29 20 927
29 21 763
29 22 769
29 23 809
29 24 798
29 25 986
29 26 927
29 27 741
29 28 833
29 30 835
29 31 713
29 32 859
29 33 725
29 34 778
29 35 720
29 36 910
29 37 718
29 38 870
29 39 833
29 40 963
29 41 705
29 42 715
29 43 835
29 44 875
29 45 926
29 46 710
29 47 716
29 48 753
29 49 911
29 50 778
29 51 883
29 52 818
29 53 779
29 54 992
29 55 838
29 56 787
29 57 837
29 58 901
29 59 930
29 60 739
29 61 784
29 62 904
29 63 765
29 64 931
29 65 897
29 66 952
29 67 872
29 68 934
29 69 783
29 70 830
29 71 742
29 72 969
29 73 858
29 74 713
29 75 937
29 76 916
29 77 709
29 78 906
29 79 911
29 80 806
29 81 716
29 82 767
29 83 773
29 84 850
29 85 996
29 86 856
29 87 901
29 88 998
29 89 863
29 90 914
29 91 940
29 92 948
29 93 719
29 94 911
29 95 799
29 96 998
29 97 965
29 98 867
29 99 734
30 1 884
30 2 716
30 3 808
30 4 953
30 5 810
30 6 913
30 7 955
30 8 962
30 9 716
30 10 907
30 11 723
30 12 734
30 13 949
30 14 851
30 15 875
30 16 764
30 17 889
30 18 833
30 19 758
30 20 973
30 21 762
30 22 772
30 23 954
30 24 996
30 25 781
30 26 917
30 27 989
30 28 979
30 29 835
30 31 812
30 32 931
30 33 895
30 34 728
30 35 796
30 36 931
30 37 864
30 38 859
30 39 807
30 40 963
30 41 895
30 42 805
30 43 892
30 44 708
30 45 713
30 46 875
30 47 910
30 48 789
30 49 803
30 50 977
30 51 760
30 52 775
30 53 927
30 54 930
30 55 925
30 56 738
30 57 720
30 58 973
30 59 807
30 60 766
30 61 936
30 62 716
30 63 885
30 64 952
30 65 787
30 66 961
30 67 963
30 68 893
30 69 859
30 70 923
30 71 933
30 72 836
30 73 832
30 74 903
30 75 878
30 76 790
30 77 747
30 78 798
30 79 870
30 80 879
30 81 739
30 82 796
30 83 956
30 84 935
30 85 950
30 86 838
30 87 946
30 88 743
30 89 880
30 90 957
30 91 826
30 92 743
30 93 888
30 94 834
30 95 984
30 96 936
30 97 996
30 98 947
30 99 771
31 1 969
31 2 920
31 3 966
31 4 992
31 5 946
31 6 821
31 7 957
31 8 729
31 9 756
31 10 840
31 11 848
31 12 709
31 13 747
31 14 848
31 15 978
31 16 970
31 17 847
31 18 842
31 19 802
31 20 775
31 21 870
31 22 852
31 23 853
31 24 945
31 25 792
31 26 795
31 27 998
31 28 895
31 29 713
31 30 812
31 32 835
31 33 772
31 34 897
31 35 774
31 36 816
31 37 899
31 38 755
31 39 907
31 40 949
31 41 977
31 42 839
31 43 782
31 44 865
31 45 941
31 46 844
31 47 994
31 48 955
31 49 822
31 50 979
31 51 951
31 52 852
31 53 990
31 54 906
31 55 920
31 56 747
31 57 918
31 58 949
31 59 902
31 60 967
31 61 967
31 62 701
31 63 900
31 64 705
31 65 954
31 66 906
31 67 841
31 68 784
31 69 982
31 70 718
31 71 877
31 72 828
31 73 812
31 74 866
31 75 741
31 76 763
31 77 951
31 78 710
31 79 851
31 80 961
31 81 818
31 82 749
31 83 714
31 84 761
31 85 783
31 86 933
31 87 945
31 88 806
31 89 848
31 90 841
31 91 859
31 92 847
31 93 931
31 94 734
31 95 993
31 96 880
31 97 899
31 98 926
31 99 744
32 1 782
32 2 997
32 3 790
32 4 724
32 5 968
32 6 803
32 7 716
32 8 991
32 9 738
32 10 703
32 11 926
32 12 877
32 13 853
32 14 940
32 15 760
32 16 802
32 17 886
32 18 790
32 19 782
32 20 962
32 21 935
32 22 713
32 23 898
32 24 855
32 25 876
32 26 939
32 27 928
32 28 882
32 29 859
32 30 931
32 31 835
32 33 825
32 34 721
32 35 954
32 36 708
32 37 864
32 38 997
32 39 980
32 40 962
32 41 761
32 42 758
32 43 789
32 44 854
32 45 804
32 46 723
32 47 903
32 48 707
32 49 824
32 50 898
32 51 732
32 52 967
32 53 829
32 54 751
32 55 846
32 56 917
32 57 777
32 58 745
32 59 755
32 60 962
32 61 876
32 62 752
32 63 982
32 64 966
32 65 810
32 66 882
32 67 905
32 68 725
32 69 862
32 70 980
32 71 721
32 72 808
32 73 815
32 74 761
32 75 710
32 76 905
32 77 827
32 78 968
32 79 767
32 80 978
32 81 854
32 82 862
32 83 873
32 84 723
32 85 757
32 86 939
32 87 833
32 88 888
32 89 966
32 90 959
32 91 809
32 92 805
32 93 849
32 94 701
32 95 827
32 96 814
32 97 737
32 98 869
32 99 901
33 1 829
33 2 872
33 3 805
33 4 872
33 5 860
33 6 979
33 7 965
33 8 967
33 9 733
33 10 891
33 11 884
33 12 961
33 13 986
33 14 971
33 15 840
33 16 765
33 17 751
33 18 986
33 19 870
33 20 937
33 21 979
33 22 755
33 23 945
33 24 840
33 25 811
33 26 714
33 27 913
33 28 846
33 29 725
33 30 895
33 31 772
33 32 825
33 34 777
33 35 711
33 36 950
33 37 962
33 38 955
33 39 867
33 40 965
33 41 906
33 42 810
33 43 833
33 44 851
33 45 789
33 46 769
33 47 857
33 48 922
33 49 773
33 50 972
33 51 724
33 52 909
33 53 896
33 54 860
33 55 896
33 56 948
33 57 935
33 58 719
33 59 743
33 60 788
33 61 844
33 62 984
33 63 873
33 64 995
33 65 960
33 66 728
33 67 831
33 68 957
33 69 938
33 70 831
33 71 858
33 72 917
33 73 961
33 74 899
33 75 809
33 76 707
33 77 913
33 78 911
33 79 788
33 80 843
33 81 855
33 82 734
33 83 839
33 84 913
33 85 831
33 86 992
33 87 724
33 88 984
33 89 842
33 90 780
33 91 965
33 92 711
33 93 807
33 94 742
33 95 934
33 96 919
33 97 870
33 98 878
33 99 947
34 1 828
34 2 948
34 3 703
34 4 957
34 5 769
34 6 960
34 7 748
34 8 967
34 9 768
34 10 723
34 11 728
34 12 997
34 13 974
34 14 722
34 15 897
34 16 719
34 17 722
34 18 704
34 19 963
34 20 880
34 21 748
34 22 922
34 23 864
34 24 895
34 25 973
34 26 851
34 27 792
34 28 745
34 29 778
34 30 728
34 31 897
34 32 721
34 33 777
34 35 851
34 36 718
34 37 900
34 38 855
34 39 727
34 40 802
34 41 894
34 42 1000
34 43 974
34 44 889
34 45 704
34 46 878
34 47 792
34 48 826
34 49 828
34 50 994
34 51 828
34 52 884
34 53 942
34 54 988
34 55 961
34 56 814
34 57 830
34 58 814
34 59 859
34 60 968
34 61 927
34 62 746
34 63 996
34 64 783
34 65 710
34 66 905
34 67 700
34 68 869
34 69 943
34 70 722
34 71 972
34 72 922
34 73 915
34 74 784
34 75 745
34 76 823
34 77 969
34 78 942
34 79 988
34 80 795
34 81 932
34 82 890
34 83 955
34 84 777
34 85 763
34 86 782
34 87 754
34 88 985
34 89 723
34 90 794
34 91 722
34 92 915
34 93 918
34 94 847
34 95 757
34 96 734
34 97 716
34 98 875
34 99 986
35 1 788
35 2 722
35 3 849
35 4 707
35 5 995
35 6 803
35 7 882
35 8 982
35 9 909
35 10 931
35 11 895
35 12 768
35 13 848
35 14 951
35 15 833
35 16 852
35 17 816
35 18 780
35 19 855
35 20 858
35 21 808
35 22 780
35 23 826
35 24 849
35 25 752
35 26 789
35 27 700
35 28 765
35 29 720
35 30 796
35 31 774
35 32 954
35 33 711
35 34 851
35 36 747
35 37 998
35 38 868
35 39 878
35 40 991
35 41 997
35 42 763
35 43 823
35 44 995
35 45 732
35 46 855
35 47 850
35 48 869
35 49 798
35 50 839
35 51 909
35 52 964
35 53 774
35 54 862
35 55 898
35 56 991
35 57 825
35 58 768
35 59 790
35 60 750
35 61 965
35 62 931
35 63 731
35 64 760
35 65 946
35 66 827
35 67 765
35 68 943
35 69 715
35 70 923
35 71 757
35 72 845
35 73 740
35 74 886
35 75 818
35 76 978
35 77 701
35 78 708
35 79 907
35 80 712
35 81 753
35 82 989
35 83 943
35 84 754
35 85 857
35 86 904
35 87 836
35 88 987
35 89 831
35 90 801
35 91 781
35 92 739
35 93 707
35 94 811
35 95 815
35 96 851
35 97 936
35 98 752
35 99 774
36 1 781
36 2 907
36 3 882
36 4 769
36 5 717
36 6 782
36 7 962
36 8 905
36 9 976
36 10 841
36 11 939
36 12 898
36 13 751
36 14 913
36 15 890
36 16 893
36 17 946
36 18 720
36 19 772
36 20 770
36 21 818
36 22 821
36 23 985
36 24 879
36 25 709
36 26 773
36 27 873
36 28 896
36 29 910
36 30 931
36 31 816
36 32 708
36 33 950
36 34 718
36 35 747
36 37 902
36 38 781
36 39 848
36 40 901
36 41 779
36 42 763
36 43 788
36 44 732
36 45 719
36 46 857
36 47 739
36 48 742
36 49 865
36 50 836
36 51 754
36 52 827
36 53 970
36 54 974
36 55 892
36 56 793
36 57 751
36 58 876
36 59 900
36 60 945
36 61 920
36 62 978
36 63 800
36 64 823
36 65 919
36 66 768
36 67 859
36 68 788
36 69 794
36 70 940
36 71 982
36 72 787
36 73 801
36 74 892
36 75 935
36 76 753
36 77 824
36 78 925
36 79 735
36 80 722
36 81 709
36 82 976
36 83 746
36 84 938
36 85 979
36 86 714
36 87 874
36 88 978
36 89 944
36 90 877
36 91 980
36 92 712
36 93 901
36 94 908
36 95 948
36 96 741
36 97 769
36 98 800
36 99 761
37 1 1000
37 2 815
37 3 826
37 4 913
37 5 814
37 6 864
37 7 852
37 8 997
37 9 787
37 10 887
37 11 798
37 12 750
37 13 744
37 14 870
37 15 933
37 16 937
37 17 724
37 18 811
37 19 841
37 20 721
37 21 778
37 22 857
37 23 833
37 24 765
37 25 908
37 26 940
37 27 852
37 28 910
37 29 718
37 30 864
37 31 899
37 32 864
37 33 962
37 34 900
37 35 998
37 36 902
37 38 975
37 39 915
37 40 834
37 41 749
37 42 801
37 43 844
37 44 758
37 45 762
37 46 976
37 47 953
37 48 844
37 49 709
37 50 895
37 51 741
37 52 709
37 53 749
37 54 910
37 55 953
37 56 759
37 57 975
37 58 887
37 59 859
37 60 705
37 61 793
37 62 962
37 63 958
37 64 770
37 65 733
37 66 808
37 67 802
37 68 824
37 69 750
37 70 858
37 71 830
37 72 758
37 73 980
37 74 703
37 75 948
37 76 789
37 77 918
37 78 977
37 79 971
37 80 950
37 81 808
37 82 821
37 83 854
37 84 895
37 85 829
37 86 714
37 87 950
37 88 925
37 89 899
37 90 715
37 91 785
37 92 746
37 93 721
37 94 828
37 95 824
37 96 969
37 97 744
37 98 803
37 99 927
38 1 833
38 2 970
38 3 901
38 4 896
38 5 855
38 6 930
38 7 898
38 8 907
38 9 995
38 10 899
38 11 861
38 12 761
38 13 700
38 14 1000
38 15 806
38 16 795
38 17 947
38 18 745
38 19 807
38 20 850
38 21 700
38 22 838
38 23 979
38 24 747
38 25 776
38 26 848
38 27 851
38 28 882
38 29 870
38 30 859
38 31 755
38 32 997
38 33 955
38 34 855
38 35 868
38 36 781
38 37 975
38 39 910
38 40 740
38 41 723
38 42 806
38 43 976
38 44 931
38 45 773
38 46 789
38 47 934
38 48 870
38 49 935
38 50 811
38 51 741
38 52 837
38 53 835
38 54 763
38 55 750
38 56 919
38 57 977
38 58 724
38 59 827
38 60 827
38 61 746
38 62 846
38 63 986
38 64 737
38 65 737
38 66 772
38 67 716
38 68 886
38 69 862
38 70 946
38 71 760
38 72 712
38 73 731
38 74 886
38 75 984
38 76 906
38 77 901
38 78 734
38 79 850
38 80 747
38 81 842
38 82 735
38 83 981
38 84 866
38 85 934
38 86 797
38 87 802
38 88 912
38 89 935
38 90 870
38 91 925
38 92 754
38 93 862
38 94 857
38 95 740
38 96 827
38 97 877
38 98 751
38 99 762
39 1 877
39 2 733
39 3 781
39 4 913
39 5 796
39 6 946
39 7 909
39 8 889
39 9 916
39 10 874
39 11 953
39 12 708
39 13 717
39 14 856
39 15 731
39 16 778
39 17 814
39 18 914
39 19 974
39 20 873
39 21 765
39 22 918
39 23 973
39 24 987
39 25 721
39 26 880
39 27 763
39 28 711
39 29 833
39 30 807
39 31 907
39 32 980
39 33 867
39 34 727
39 35 878
39 36 848
39 37 915
39 38 910
39 40 776
39 41 991
39 42 746
39 43 711
39 44 730
39 45 870
39 46 738
39 47 807
39 48 952
39 49 798
39 50 844
39 51 827
39 52 702
39 53 860
39 54 971
39 55 723
39 56 755
39 57 943
39 58 790
39 59 999
39 60 995
39 61 731
39 62 925
39 63 927
39 64 924
39 65 776
39 66 772
39 67 916
39 68 981
39 69 745
39 70 756
39 71 700
39 72 996
39 73 717
39 74 973
39 75 998
39 76 755
39 77 825
39 78 868
39 79 793
39 80 987
39 81 855
39 82 894
39 83 953
39 84 963
39 85 969
39 86 723
39 87 824
39 88 910
39 89 912
39 90 824
39 91 740
39 92 783
39 93 801
39 94 967
39 95 889
39 96 755
39 97 787
39 98 829
39 99 791
40 1 953
40 2 955
40 3 838
40 4 822
40 5 880
40 6 918
40 7 784
40 8 874
40 9 840
40 10 794
40 11 827
40 12 787
40 13 704
40 14 810
40 15 791
40 16 736
40 17 934
40 18 872
40 19 866
40 20 761
40 21 861
40 22 920
40 23 939
40 24 793
40 25 829
40 26 804
40 27 891
40 28 903
40 29 963
40 30 963
40 31 949
40 32 962
40 33 965
40 34 802
40 35 991
40 36 901
40 37 834
40 38 740
40 39 776
40 41 752
40 42 732
40 43 898
40 44 887
40 45 998
40 46 991
40 47 753
40 48 845
40 49 826
40 50 983
40 51 945
40 52 775
40 53 949
40 54 779
40 55 901
40 56 893
40 57 744
40 58 715
40 59 739
40 60 782
40 61 803
40 62 741
40 63 978
40 64 725
40 65 892
40 66 738
40 67 776
40 68 714
40 69 716
40 70 963
40 71 843
40 72 851
40 73 972
40 74 738
40 75 978
40 76 735
40 77 933
40 78 708
40 79 702
40 80 749
40 81 890
40 82 801
40 83 736
40 84 832
40 85 953
40 86 720
40 87 872
40 88 791
40 89 815
40 90 750
40 91 987
40 92 703
40 93 989
40 94 734
40 95 841
40 96 806
40 97 826
40 98 806
40 99 785
41 1 916
41 2 919
41 3 777
41 4 979
41 5 757
41 6 874
41 7 946
41 8 827
41 9 750
41 10 707
41 11 730
41 12 711
41 13 754
41 14 799
41 15 856
41 16 908
41 17 934
41 18 906
41 19 918
41 20 956
41 21 710
41 22 765
41 23 878
41 24 989
41 25 729
41 26 708
41 27 849
41 28 922
41 29 705
41 30 895
41 31 977
41 32 761
41 33 906
41 34 894
41 35 997
41 36 779
41 37 749
41 38 723
41 39 991
41 40 752
41 42 802
41 43 729
41 44 979
41 45 700
41 46 989
41 47 943
41 48 815
41 49 885
41 50 915
41 51 937
41 52 959
41 53 738
41 54 771
41 55 708
41 56 962
41 57 764
41 58 834
41 59 991
41 60 922
41 61 741
41 62 786
41 63 759
41 64 962
41 65 721
41 66 758
41 67 914
41 68 932
41 69 860
41 70 912
41 71 784
41 72 784
41 73 986
41 74 946
41 75 741
41 76 908
41 77 999
41 78 804
41 79 984
41 80 845
41 81 915
41 82 981
41 83 928
41 84 819
41 85 763
41 86 867
41 87 998
41 88 944
41 89 718
41 90 878
41 91 901
41 92 725
41 93 745
41 94 767
41 95 794
41 96 906
41 97 741
41 98 953
41 99 785
42 1 988
42 2 934
42 3 733
42 4 986
42 5 860
42 6 858
42 7 858
42 8 916
42 9 1000
42 10 845
42 11 734
42 12 710
42 13 828
42 14 929
42 15 782
42 16 817
42 17 986
