s 1 972
s 2 940
s 3 845
s 4 956
s 5 984
s 6 854
s 7 929
s 8 926
s 9 814
s 10 863
s 11 808
s 12 903
s 13 839
s 14 885
s 15 807
s 16 981
s 17 889
s 18 940
s 19 837
s 20 992
s 21 958
s 22 953
s 23 981
s 24 991
s 25 880
s 26 987
s 27 812
s 28 853
s 29 815
s 30 860
s 31 895
s 32 908
s 33 855
s 34 911
s 35 937
s 36 865
s 37 846
s 38 976
s 39 856
s 40 904
s 41 878
s 42 911
s 43 826
s 44 802
s 45 891
s 46 922
s 47 853
s 48 906
s 49 826
s 50 985
s 51 993
s 52 913
s 53 950
s 54 985
s 55 910
s 56 913
s 57 808
s 58 902
s 59 940
s 60 932
s 61 870
s 62 948
s 63 986
s 64 928
s 65 810
s 66 834
s 67 997
s 68 954
s 69 950
s 70 826
s 71 835
s 72 901
s 73 822
s 74 884
s 75 966
s 76 859
s 77 898
s 78 953
s 79 882
s 80 879
s 81 937
s 82 932
s 83 970
s 84 901
s 85 881
s 86 987
s 87 944
s 88 803
s 89 887
s 90 801
s 91 983
s 92 904
s 93 849
s 94 879
s 95 804
s 96 959
s 97 897
s 98 990
s 99 984
1 2 964
1 3 909
1 4 902
1 5 943
1 6 839
1 7 895
1 8 975
1 9 982
1 10 904
1 11 990
1 12 867
1 13 819
1 14 824
1 15 901
1 16 990
1 17 993
1 18 934
1 19 814
1 20 987
1 21 893
1 22 966
1 23 893
1 24 876
1 25 986
1 26 920
1 27 969
1 28 838
1 29 860
1 30 944
1 31 968
1 32 918
1 33 972
1 34 811
1 35 816
1 36 809
1 37 983
1 38 909
1 39 864
1 40 942
1 41 807
1 42 860
1 43 953
1 44 961
1 45 811
1 46 950
1 47 929
1 48 815
1 49 991
1 50 835
1 51 824
1 52 904
1 53 882
1 54 839
1 55 935
1 56 870
1 57 911
1 58 982
1 59 919
1 60 848
1 61 935
1 62 965
1 63 910
1 64 907
1 65 941
1 66 858
1 67 822
1 68 963
1 69 834
1 70 889
1 71 918
1 72 960
1 73 975
1 74 921
1 75 833
1 76 815
1 77 860
1 78 999
1 79 820
1 80 804
1 81 893
1 82 907
1 83 893
1 84 839
1 85 816
1 86 896
1 87 808
1 88 901
1 89 968
1 90 991
1 91 932
1 92 926
1 93 958
1 94 821
1 95 991
1 96 832
1 97 962
1 98 822
1 99 978
2 1 964
2 3 925
2 4 869
2 5 887
2 6 857
2 7 960
2 8 842
2 9 820
2 10 986
2 11 850
2 12 922
2 13 816
2 14 935
2 15 930
2 16 865
2 17 874
2 18 934
2 19 885
2 20 829
2 21 979
2 22 993
2 23 935
2 24 967
2 25 904
2 26 899
2 27 964
2 28 997
2 29 807
2 30 839
2 31 963
2 32 973
2 33 802
2 34 977
2 35 882
2 36 864
2 37 971
2 38 889
2 39 804
2 40 913
2 41 989
2 42 951
2 43 888
2 44 928
2 45 932
2 46 854
2 47 972
2 48 970
2 49 803
2 50 882
2 51 962
2 52 894
2 53 888
2 54 983
2 55 915
2 56 881
2 57 981
2 58 940
2 59 909
2 60 938
2 61 890
2 62 825
2 63 965
2 64 946
2 65 849
2 66 819
2 67 813
2 68 840
2 69 822
2 70 860
2 71 915
2 72 862
2 73 840
2 74 887
2 75 892
2 76 850
2 77 853
2 78 914
2 79 804
2 80 816
2 81 976
2 82 910
2 83 873
2 84 864
2 85 808
2 86 953
2 87 896
2 88 826
2 89 936
2 90 923
2 91 951
2 92 937
2 93 938
2 94 968
2 95 880
2 96 806
2 97 953
2 98 913
2 99 883
3 1 909
3 2 925
3 4 842
3 5 895
3 6 803
3 7 878
3 8 951
3 9 900
3 10 824
3 11 821
3 12 810
3 13 823
3 14 873
3 15 874
3 16 983
3 17 846
3 18 800
3 19 956
3 20 930
3 21 943
3 22 860
3 23 824
3 24 840
3 25 933
3 26 834
3 27 861
3 28 948
3 29 960
3 30 803
3 31 953
3 32 833
3 33 872
3 34 950
3 35 993
3 36 991
3 37 976
3 38 911
3 39 900
3 40 803
3 41 821
3 42 820
3 43 909
3 44 930
3 45 901
3 46 904
3 47 922
3 48 870
3 49 954
3 50 954
3 51 977
3 52 950
3 53 877
3 54 984
3 55 830
3 56 989
3 57 987
3 58 906
3 59 801
3 60 831
3 61 826
3 62 825
3 63 821
3 64 810
3 65 882
3 66 877
3 67 847
3 68 885
3 69 909
3 70 926
3 71 949
3 72 877
3 73 976
3 74 992
3 75 803
3 76 858
3 77 892
3 78 873
3 79 960
3 80 994
3 81 905
3 82 855
3 83 828
3 84 946
3 85 952
3 86 990
3 87 869
3 88 970
3 89 951
3 90 979
3 91 819
3 92 941
3 93 873
3 94 882
3 95 815
3 96 971
3 97 812
3 98 936
3 99 926
4 1 902
4 2 869
4 3 842
4 5 971
4 6 979
4 7 970
4 8 994
4 9 980
4 10 949
4 11 894
4 12 827
4 13 959
4 14 857
4 15 834
4 16 890
4 17 947
4 18 828
4 19 818
4 20 889
4 21 985
4 22 822
4 23 948
4 24 867
4 25 841
4 26 920
4 27 835
4 28 820
4 29 829
4 30 819
4 31 807
4 32 867
4 33 930
4 34 854
4 35 943
4 36 885
4 37 859
4 38 894
4 39 819
4 40 868
4 41 986
4 42 953
4 43 937
4 44 870
4 45 917
4 46 821
4 47 968
4 48 822
4 49 847
4 50 840
4 51 938
4 52 810
4 53 910
4 54 971
4 55 866
4 56 865
4 57 951
4 58 864
4 59 921
4 60 933
4 61 900
4 62 825
4 63 945
4 64 830
4 65 814
4 66 960
4 67 901
4 68 897
4 69 965
4 70 940
4 71 986
4 72 800
4 73 863
4 74 940
4 75 838
4 76 876
4 77 857
4 78 813
4 79 937
4 80 937
4 81 874
4 82 933
4 83 927
4 84 977
4 85 969
4 86 953
4 87 875
4 88 877
4 89 837
4 90 928
4 91 920
4 92 833
4 93 812
4 94 867
4 95 965
4 96 907
4 97 938
4 98 909
4 99 993
5 1 943
5 2 887
5 3 895
5 4 971
5 6 828
5 7 989
5 8 828
5 9 837
5 10 958
5 11 885
5 12 840
5 13 965
5 14 925
5 15 931
5 16 904
5 17 884
5 18 996
5 19 913
5 20 925
5 21 912
5 22 899
5 23 886
5 24 908
5 25 839
5 26 941
5 27 984
5 28 960
5 29 831
5 30 932
5 31 835
5 32 841
5 33 870
5 34 835
5 35 960
5 36 867
5 37 848
5 38 806
5 39 925
5 40 915
5 41 971
5 42 951
5 43 849
5 44 949
5 45 813
5 46 859
5 47 808
5 48 820
5 49 939
5 50 803
5 51 860
5 52 835
5 53 853
5 54 970
5 55 982
5 56 893
5 57 806
5 58 977
5 59 842
5 60 912
5 61 950
5 62 960
5 63 815
5 64 854
5 65 847
5 66 890
5 67 952
5 68 913
5 69 862
5 70 871
5 71 865
5 72 862
5 73 933
5 74 967
5 75 892
5 76 880
5 77 827
5 78 955
5 79 854
5 80 863
5 81 828
5 82 808
5 83 884
5 84 869
5 85 832
5 86 858
5 87 839
5 88 983
5 89 989
5 90 900
5 91 964
5 92 868
5 93 941
5 94 959
5 95 881
5 96 819
5 97 808
5 98 987
5 99 990
6 1 839
6 2 857
6 3 803
6 4 979
6 5 828
6 7 855
6 8 926
6 9 870
6 10 868
6 11 983
6 12 935
6 13 806
6 14 860
6 15 833
6 16 858
6 17 886
6 18 946
6 19 903
6 20 896
6 21 862
6 22 981
6 23 972
6 24 812
6 25 818
6 26 815
6 27 996
6 28 990
6 29 837
6 30 991
6 31 887
6 32 823
6 33 894
6 34 864
6 35 905
6 36 818
6 37 898
6 38 956
6 39 972
6 40 851
6 41 884
6 42 884
6 43 857
6 44 923
6 45 992
6 46 820
6 47 869
6 48 909
6 49 926
6 50 928
6 51 923
6 52 963
6 53 958
6 54 901
6 55 908
6 56 863
6 57 933
6 58 805
6 59 987
6 60 801
6 61 893
6 62 866
6 63 926
6 64 948
6 65 851
6 66 864
6 67 836
6 68 876
6 69 831
6 70 824
6 71 882
6 72 824
6 73 944
6 74 892
6 75 996
6 76 935
6 77 889
6 78 980
6 79 843
6 80 919
6 81 811
6 82 864
6 83 895
6 84 857
6 85 838
6 86 971
6 87 994
6 88 865
6 89 818
6 90 936
6 91 812
6 92 903
6 93 820
6 94 951
6 95 835
6 96 983
6 97 907
6 98 821
6 99 891
7 1 895
7 2 960
7 3 878
7 4 970
7 5 989
7 6 855
7 8 822
7 9 866
7 10 994
7 11 850
7 12 891
7 13 837
7 14 837
7 15 982
7 16 868
7 17 951
7 18 996
7 19 855
7 20 885
7 21 976
7 22 867
7 23 951
7 24 940
7 25 884
7 26 875
7 27 910
7 28 968
7 29 974
7 30 979
7 31 915
7 32 925
7 33 948
7 34 949
7 35 933
7 36 940
7 37 898
7 38 884
7 39 912
7 40 806
7 41 843
7 42 903
7 43 969
7 44 974
7 45 897
7 46 995
7 47 984
7 48 986
7 49 816
7 50 993
7 51 959
7 52 979
7 53 948
7 54 836
7 55 986
7 56 984
7 57 804
7 58 941
7 59 974
7 60 937
7 61 937
7 62 887
7 63 929
7 64 823
7 65 959
7 66 957
7 67 935
7 68 917
7 69 950
7 70 843
7 71 802
7 72 925
7 73 829
7 74 862
7 75 866
7 76 826
7 77 935
7 78 864
7 79 977
7 80 921
7 81 935
7 82 821
7 83 880
7 84 987
7 85 930
7 86 911
7 87 859
7 88 807
7 89 873
7 90 985
7 91 934
7 92 953
7 93 828
7 94 901
7 95 805
7 96 966
7 97 817
7 98 860
7 99 887
8 1 975
8 2 842
8 3 951
8 4 994
8 5 828
8 6 926
8 7 822
8 9 822
8 10 806
8 11 851
8 12 841
8 13 919
8 14 819
8 15 853
8 16 800
8 17 960
8 18 906
8 19 910
8 20 970
8 21 986
8 22 950
8 23 881
8 24 901
8 25 909
8 26 879
8 27 844
8 28 875
8 29 974
8 30 820
8 31 950
8 32 879
8 33 995
8 34 912
8 35 876
8 36 911
8 37 822
8 38 964
8 39 803
8 40 940
8 41 820
8 42 828
8 43 958
8 44 987
8 45 853
8 46 873
8 47 836
8 48 982
8 49 864
8 50 914
8 51 921
8 52 934
8 53 873
8 54 954
8 55 869
8 56 848
8 57 826
8 58 925
8 59 834
8 60 917
8 61 919
8 62 806
8 63 925
8 64 865
8 65 831
8 66 989
8 67 927
8 68 892
8 69 973
8 70 888
8 71 966
8 72 925
8 73 861
8 74 928
8 75 840
8 76 939
8 77 844
8 78 988
8 79 996
8 80 975
8 81 999
8 82 858
8 83 911
8 84 805
8 85 855
8 86 855
8 87 800
8 88 800
8 89 925
8 90 992
8 91 875
8 92 999
8 93 814
8 94 906
8 95 837
8 96 857
8 97 942
8 98 958
8 99 806
9 1 982
9 2 820
9 3 900
9 4 980
9 5 837
9 6 870
9 7 866
9 8 822
9 10 815
9 11 967
9 12 988
9 13 800
9 14 981
9 15 821
9 16 937
9 17 994
9 18 848
9 19 966
9 20 801
9 21 983
9 22 873
9 23 827
9 24 905
9 25 860
9 26 826
9 27 983
9 28 962
9 29 916
9 30 950
9 31 940
9 32 998
9 33 823
9 34 980
9 35 808
9 36 833
9 37 829
9 38 998
9 39 847
9 40 809
9 41 838
9 42 821
9 43 959
9 44 897
9 45 986
9 46 874
9 47 942
9 48 849
9 49 809
9 50 988
9 51 968
9 52 985
9 53 995
9 54 822
9 55 926
9 56 970
9 57 869
9 58 863
9 59 929
9 60 829
9 61 846
9 62 930
9 63 807
9 64 919
9 65 875
9 66 802
9 67 938
9 68 913
9 69 822
9 70 927
9 71 820
9 72 836
9 73 886
9 74 858
9 75 982
9 76 801
9 77 990
9 78 875
9 79 867
9 80 904
9 81 929
9 82 957
9 83 915
9 84 914
9 85 856
9 86 948
9 87 878
9 88 805
9 89 875
9 90 813
9 91 943
9 92 932
9 93 914
9 94 801
9 95 888
9 96 879
9 97 916
9 98 978
9 99 983
10 1 904
10 2 986
10 3 824
10 4 949
10 5 958
10 6 868
10 7 994
10 8 806
10 9 815
10 11 852
10 12 895
10 13 940
10 14 807
10 15 981
10 16 830
10 17 877
10 18 854
10 19 972
10 20 893
10 21 871
10 22 885
10 23 994
10 24 974
10 25 861
10 26 834
10 27 985
10 28 934
10 29 989
10 30 950
10 31 864
10 32 924
10 33 942
10 34 977
10 35 935
10 36 851
10 37 898
10 38 991
10 39 948
10 40 872
10 41 899
10 42 836
10 43 859
10 44 814
10 45 991
10 46 979
10 47 990
10 48 983
10 49 905
10 50 829
10 51 985
10 52 928
10 53 947
10 54 973
10 55 852
10 56 953
10 57 922
10 58 939
10 59 898
10 60 800
10 61 986
10 62 899
10 63 913
10 64 851
10 65 801
10 66 938
10 67 951
10 68 801
10 69 943
10 70 824
10 71 866
10 72 998
10 73 965
10 74 817
10 75 855
10 76 924
10 77 931
10 78 935
10 79 867
10 80 805
10 81 878
10 82 965
10 83 869
10 84 926
10 85 890
10 86 981
10 87 887
10 88 901
10 89 852
10 90 861
10 91 900
10 92 943
10 93 875
10 94 964
10 95 965
10 96 925
10 97 836
10 98 968
10 99 896
11 1 990
11 2 850
11 3 821
11 4 894
11 5 885
11 6 983
11 7 850
11 8 851
11 9 967
11 10 852
11 12 984
11 13 858
11 14 904
11 15 886
11 16 853
11 17 815
11 18 997
11 19 937
11 20 836
11 21 954
11 22 952
11 23 931
11 24 911
11 25 912
11 26 998
11 27 926
11 28 980
11 29 817
11 30 987
11 31 819
11 32 988
11 33 977
11 34 958
11 35 882
11 36 858
11 37 837
11 38 987
11 39 976
11 40 938
11 41 820
11 42 887
11 43 975
11 44 844
11 45 856
11 46 823
11 47 986
11 48 869
11 49 834
11 50 972
11 51 934
11 52 983
11 53 916
11 54 925
11 55 811
11 56 883
11 57 873
11 58 987
11 59 888
11 60 863
11 61 932
11 62 879
11 63 887
11 64 962
11 65 962
11 66 821
11 67 991
11 68 896
11 69 996
11 70 871
11 71 848
11 72 926
11 73 971
11 74 916
11 75 917
11 76 967
11 77 823
11 78 886
11 79 843
11 80 810
11 81 819
11 82 846
11 83 868
11 84 811
11 85 861
11 86 953
11 87 859
11 88 865
11 89 889
11 90 953
11 91 890
11 92 971
11 93 846
11 94 963
11 95 843
11 96 868
11 97 982
11 98 980
11 99 850
12 1 867
12 2 922
12 3 810
12 4 827
12 5 840
12 6 935
12 7 891
12 8 841
12 9 988
12 10 895
12 11 984
12 13 999
12 14 833
12 15 813
12 16 904
12 17 823
12 18 908
12 19 919
12 20 997
12 21 978
12 22 935
12 23 865
12 24 991
12 25 817
12 26 900
12 27 866
12 28 900
12 29 809
12 30 834
12 31 821
12 32 996
12 33 871
12 34 862
12 35 947
12 36 939
12 37 959
12 38 984
12 39 847
12 40 872
12 41 895
12 42 959
12 43 981
12 44 936
12 45 969
12 46 895
12 47 979
12 48 863
12 49 800
12 50 936
12 51 822
12 52 899
12 53 852
12 54 856
12 55 954
12 56 925
12 57 848
12 58 900
12 59 857
12 60 884
12 61 907
12 62 888
12 63 826
12 64 973
12 65 822
12 66 820
12 67 857
12 68 890
12 69 910
12 70 848
12 71 900
12 72 956
12 73 945
12 74 882
12 75 978
12 76 972
12 77 805
12 78 864
12 79 995
12 80 941
12 81 984
12 82 965
12 83 801
12 84 873
12 85 918
12 86 930
12 87 999
12 88 803
12 89 955
12 90 928
12 91 867
12 92 913
12 93 904
12 94 878
12 95 900
12 96 868
12 97 996
12 98 973
12 99 997
13 1 819
13 2 816
13 3 823
13 4 959
13 5 965
13 6 806
13 7 837
13 8 919
13 9 800
13 10 940
13 11 858
13 12 999
13 14 926
13 15 945
13 16 828
13 17 940
13 18 894
13 19 990
13 20 896
13 21 852
13 22 819
13 23 805
13 24 977
13 25 842
13 26 855
13 27 911
13 28 905
13 29 893
13 30 880
13 31 912
13 32 855
13 33 985
13 34 989
13 35 952
13 36 914
13 37 916
13 38 913
13 39 998
13 40 805
13 41 818
13 42 853
13 43 856
13 44 1000
13 45 839
13 46 884
13 47 866
13 48 810
13 49 991
13 50 893
13 51 893
13 52 930
13 53 925
13 54 895
13 55 981
13 56 960
13 57 819
13 58 899
13 59 827
13 60 911
13 61 980
13 62 874
13 63 831
13 64 893
13 65 996
13 66 982
13 67 971
13 68 940
13 69 941
13 70 982
13 71 812
13 72 899
13 73 819
13 74 985
13 75 848
13 76 850
13 77 919
13 78 995
13 79 941
13 80 879
13 81 978
13 82 894
13 83 973
13 84 886
13 85 866
13 86 878
13 87 903
13 88 951
13 89 887
13 90 815
13 91 899
13 92 843
13 93 854
13 94 884
13 95 942
13 96 817
13 97 919
13 98 909
13 99 966
14 1 824
14 2 935
14 3 873
14 4 857
14 5 925
14 6 860
14 7 837
14 8 819
14 9 981
14 10 807
14 11 904
14 12 833
14 13 926
14 15 893
14 16 958
14 17 879
14 18 839
14 19 945
14 20 953
14 21 966
14 22 816
14 23 825
14 24 890
14 25 920
14 26 815
14 27 880
14 28 832
14 29 972
14 30 980
14 31 872
14 32 889
14 33 896
14 34 954
14 35 896
14 36 902
14 37 806
14 38 977
14 39 868
14 40 839
14 41 829
14 42 922
14 43 995
14 44 938
14 45 891
14 46 993
14 47 982
14 48 864
14 49 963
14 50 883
14 51 994
14 52 982
14 53 953
14 54 944
14 55 813
14 56 1000
14 57 840
14 58 978
14 59 968
14 60 941
14 61 981
14 62 812
14 63 898
14 64 894
14 65 958
14 66 856
14 67 884
14 68 828
14 69 828
14 70 931
14 71 995
14 72 951
14 73 981
14 74 974
14 75 956
14 76 914
14 77 915
14 78 994
14 79 966
14 80 959
14 81 817
14 82 903
14 83 834
14 84 926
14 85 909
14 86 864
14 87 863
14 88 914
14 89 804
14 90 843
14 91 963
14 92 803
14 93 864
14 94 903
14 95 952
14 96 944
14 97 948
14 98 912
14 99 800
15 1 901
15 2 930
15 3 874
15 4 834
15 5 931
15 6 833
15 7 982
15 8 853
15 9 821
15 10 981
15 11 886
15 12 813
15 13 945
15 14 893
15 16 984
15 17 872
15 18 834
15 19 890
15 20 966
15 21 955
15 22 920
15 23 898
15 24 802
15 25 994
15 26 861
15 27 847
15 28 800
15 29 936
15 30 932
15 31 937
15 32 953
15 33 905
15 34 943
15 35 915
15 36 913
15 37 874
15 38 888
15 39 950
15 40 879
15 41 917
15 42 987
15 43 960
15 44 841
15 45 838
15 46 917
15 47 922
15 48 963
15 49 842
15 50 961
15 51 926
15 52 932
15 53 961
15 54 908
15 55 881
15 56 817
15 57 827
15 58 849
15 59 835
15 60 942
15 61 996
15 62 872
15 63 849
15 64 859
15 65 937
15 66 928
15 67 863
15 68 838
15 69 979
15 70 914
15 71 881
15 72 901
15 73 802
15 74 839
15 75 812
15 76 891
15 77 899
15 78 936
15 79 880
15 80 904
15 81 906
15 82 985
15 83 867
15 84 881
15 85 975
15 86 902
15 87 949
15 88 968
15 89 847
15 90 870
15 91 864
15 92 990
15 93 882
15 94 925
15 95 988
15 96 952
15 97 968
15 98 981
15 99 977
16 1 990
16 2 865
16 3 983
16 4 890
16 5 904
16 6 858
16 7 868
16 8 800
16 9 937
16 10 830
16 11 853
16 12 904
16 13 828
16 14 958
16 15 984
16 17 963
16 18 864
16 19 802
16 20 871
16 21 875
16 22 980
16 23 858
16 24 927
16 25 904
16 26 821
16 27 857
16 28 917
16 29 871
16 30 999
16 31 902
16 32 830
16 33 977
16 34 819
16 35 946
16 36 849
16 37 903
16 38 867
16 39 881
16 40 833
16 41 950
16 42 908
16 43 903
16 44 813
16 45 967
16 46 996
16 47 965
16 48 800
16 49 850
16 50 807
16 51 852
16 52 1000
16 53 992
16 54 985
16 55 901
16 56 878
16 57 846
16 58 961
16 59 800
16 60 907
16 61 936
16 62 801
16 63 944
16 64 887
16 65 933
16 66 970
16 67 801
16 68 976
16 69 876
16 70 865
16 71 813
16 72 903
16 73 997
16 74 830
16 75 866
16 76 803
16 77 895
16 78 852
16 79 817
16 80 873
16 81 898
16 82 874
16 83 811
16 84 948
16 85 930
16 86 918
16 87 919
16 88 911
16 89 880
16 90 821
16 91 858
16 92 923
16 93 929
16 94 972
16 95 916
16 96 845
16 97 805
16 98 811
16 99 953
17 1 993
17 2 874
17 3 846
17 4 947
17 5 884
17 6 886
17 7 951
17 8 960
17 9 994
17 10 877
17 11 815
17 12 823
17 13 940
17 14 879
17 15 872
17 16 963
17 18 812
17 19 814
17 20 874
17 21 895
17 22 819
17 23 873
17 24 819
17 25 950
17 26 822
17 27 936
17 28 965
17 29 837
17 30 866
17 31 926
17 32 833
17 33 886
17 34 905
17 35 921
17 36 893
17 37 807
17 38 883
17 39 889
17 40 918
17 41 992
17 42 918
17 43 931
17 44 841
17 45 981
17 46 962
17 47 953
17 48 930
17 49 1000
17 50 1000
17 51 813
17 52 897
17 53 851
17 54 984
17 55 874
17 56 912
17 57 805
17 58 817
17 59 963
17 60 907
17 61 944
17 62 839
17 63 828
17 64 825
17 65 843
17 66 802
17 67 954
17 68 834
17 69 991
17 70 872
17 71 904
17 72 830
17 73 853
17 74 901
17 75 937
17 76 825
17 77 961
17 78 989
17 79 825
17 80 954
17 81 811
17 82 997
17 83 829
17 84 938
17 85 860
17 86 806
17 87 848
17 88 881
17 89 847
17 90 931
17 91 968
17 92 813
17 93 906
17 94 930
17 95 840
17 96 986
17 97 850
17 98 962
17 99 840
18 1 934
18 2 934
18 3 800
18 4 828
18 5 996
18 6 946
18 7 996
18 8 906
18 9 848
18 10 854
18 11 997
18 12 908
18 13 894
18 14 839
18 15 834
18 16 864
18 17 812
18 19 836
18 20 924
18 21 927
18 22 864
18 23 937
18 24 827
18 25 977
18 26 821
18 27 850
18 28 995
18 29 810
18 30 972
18 31 822
18 32 968
18 33 918
18 34 850
18 35 858
18 36 883
18 37 856
18 38 842
18 39 982
18 40 952
18 41 879
18 42 866
18 43 880
18 44 950
18 45 887
18 46 959
18 47 816
18 48 998
18 49 927
18 50 822
18 51 825
18 52 840
18 53 926
18 54 980
18 55 887
18 56 934
18 57 934
18 58 957
18 59 980
18 60 800
18 61 849
18 62 823
18 63 909
18 64 909
18 65 875
18 66 973
18 67 991
18 68 954
18 69 892
18 70 962
18 71 910
18 72 962
18 73 846
18 74 882
18 75 926
18 76 827
18 77 962
18 78 827
18 79 815
18 80 909
18 81 964
18 82 943
18 83 836
18 84 955
18 85 831
18 86 816
18 87 851
18 88 852
18 89 945
18 90 947
18 91 973
18 92 806
18 93 917
18 94 950
18 95 873
18 96 829
18 97 985
18 98 944
18 99 885
19 1 814
19 2 885
19 3 956
19 4 818
19 5 913
19 6 903
19 7 855
19 8 910
19 9 966
19 10 972
19 11 937
19 12 919
19 13 990
19 14 945
19 15 890
19 16 802
19 17 814
19 18 836
19 20 885
19 21 990
19 22 821
19 23 949
19 24 903
19 25 903
19 26 838
19 27 896
19 28 812
19 29 980
19 30 985
19 31 907
19 32 945
19 33 840
19 34 898
19 35 883
19 36 862
19 37 906
19 38 996
19 39 865
19 40 970
19 41 862
19 42 813
19 43 837
19 44 980
19 45 992
19 46 833
19 47 964
19 48 924
19 49 822
19 50 962
19 51 811
19 52 888
19 53 954
19 54 969
19 55 969
19 56 847
19 57 985
19 58 936
19 59 927
19 60 919
19 61 866
19 62 811
19 63 828
19 64 831
19 65 915
19 66 966
19 67 947
19 68 853
19 69 864
19 70 864
19 71 847
19 72 883
19 73 825
19 74 935
19 75 857
19 76 969
19 77 835
19 78 873
19 79 855
19 80 979
19 81 815
19 82 952
19 83 844
19 84 812
19 85 822
19 86 987
19 87 970
19 88 991
19 89 991
19 90 930
19 91 945
19 92 886
19 93 922
19 94 904
19 95 963
19 96 890
19 97 923
19 98 908
19 99 911
20 1 987
20 2 829
20 3 930
20 4 889
20 5 925
20 6 896
20 7 885
20 8 970
20 9 801
20 10 893
20 11 836
20 12 997
20 13 896
20 14 953
20 15 966
20 16 871
20 17 874
20 18 924
20 19 885
20 21 915
20 22 846
20 23 879
20 24 815
20 25 991
20 26 972
20 27 959
20 28 978
20 29 858
20 30 980
20 31 956
20 32 831
20 33 874
20 34 963
20 35 943
20 36 950
20 37 940
20 38 807
20 39 979
20 40 973
20 41 975
20 42 898
20 43 950
20 44 832
20 45 839
20 46 828
20 47 943
20 48 889
20 49 840
20 50 908
20 51 1000
20 52 866
20 53 998
20 54 926
20 55 855
20 56 921
20 57 975
20 58 804
20 59 895
20 60 855
20 61 926
20 62 817
20 63 954
20 64 800
20 65 968
20 66 900
20 67 915
20 68 960
20 69 911
20 70 978
20 71 829
20 72 957
20 73 979
20 74 800
20 75 969
20 76 830
20 77 815
20 78 919
20 79 984
20 80 865
20 81 849
20 82 806
20 83 938
20 84 802
20 85 926
20 86 877
20 87 884
20 88 983
20 89 933
20 90 804
20 91 848
20 92 813
20 93 914
20 94 903
20 95 845
20 96 863
20 97 942
20 98 894
20 99 806
21 1 893
21 2 979
21 3 943
21 4 985
21 5 912
21 6 862
21 7 976
21 8 986
21 9 983
21 10 871
21 11 954
21 12 978
21 13 852
21 14 966
21 15 955
21 16 875
21 17 895
21 18 927
21 19 990
21 20 915
21 22 850
21 23 993
21 24 827
21 25 896
21 26 998
21 27 807
21 28 852
21 29 955
21 30 803
21 31 822
21 32 976
21 33 851
21 34 937
21 35 913
21 36 926
21 37 866
21 38 928
21 39 820
21 40 947
21 41 971
21 42 842
21 43 897
21 44 918
21 45 827
21 46 828
21 47 801
21 48 954
21 49 802
21 50 861
21 51 896
21 52 828
21 53 892
21 54 847
21 55 991
21 56 940
21 57 882
21 58 996
21 59 837
21 60 993
21 61 987
21 62 940
21 63 903
21 64 888
21 65 846
21 66 979
21 67 829
21 68 877
21 69 891
21 70 827
21 71 859
21 72 923
21 73 979
21 74 970
21 75 998
21 76 872
21 77 883
21 78 853
21 79 849
21 80 974
21 81 962
21 82 822
21 83 991
21 84 920
21 85 859
21 86 949
21 87 844
21 88 980
21 89 830
21 90 962
21 91 812
21 92 976
21 93 892
21 94 969
21 95 834
21 96 895
21 97 963
21 98 860
21 99 851
22 1 966
22 2 993
22 3 860
22 4 822
22 5 899
22 6 981
22 7 867
22 8 950
22 9 873
22 10 885
22 11 952
22 12 935
22 13 819
22 14 816
22 15 920
22 16 980
22 17 819
22 18 864
22 19 821
22 20 846
22 21 850
22 23 851
22 24 804
22 25 893
22 26 909
22 27 954
22 28 903
22 29 885
22 30 972
22 31 824
22 32 841
22 33 877
22 34 986
22 35 817
22 36 956
22 37 994
22 38 880
22 39 878
22 40 868
22 41 867
22 42 916
22 43 840
22 44 859
22 45 882
22 46 812
22 47 929
22 48 952
22 49 964
22 50 891
22 51 935
22 52 814
22 53 940
22 54 884
22 55 843
22 56 853
22 57 892
22 58 890
22 59 924
22 60 949
22 61 881
22 62 914
22 63 888
22 64 903
22 65 933
22 66 918
22 67 931
22 68 930
22 69 817
22 70 913
22 71 844
22 72 955
22 73 932
22 74 976
22 75 865
22 76 913
22 77 956
22 78 857
22 79 968
22 80 982
22 81 906
22 82 884
22 83 824
22 84 823
22 85 889
22 86 914
22 87 937
22 88 868
22 89 912
22 90 814
22 91 933
22 92 937
22 93 918
22 94 873
22 95 841
22 96 941
22 97 823
22 98 991
22 99 882
23 1 893
23 2 935
23 3 824
23 4 948
23 5 886
23 6 972
23 7 951
23 8 881
23 9 827
23 10 994
23 11 931
23 12 865
23 13 805
23 14 825
23 15 898
23 16 858
23 17 873
23 18 937
23 19 949
23 20 879
23 21 993
23 22 851
23 24 920
23 25 999
23 26 964
23 27 967
23 28 816
23 29 982
23 30 958
23 31 916
23 32 855
23 33 806
23 34 929
23 35 889
23 36 870
23 37 939
23 38 862
23 39 900
23 40 919
23 41 897
23 42 875
23 43 865
23 44 827
23 45 997
23 46 800
23 47 966
23 48 865
23 49 812
23 50 932
23 51 811
23 52 912
23 53 807
23 54 810
23 55 963
23 56 913
23 57 907
23 58 979
23 59 824
23 60 842
23 61 848
23 62 984
23 63 980
23 64 828
23 65 902
23 66 943
23 67 820
23 68 904
23 69 884
23 70 800
23 71 993
23 72 993
23 73 844
23 74 957
23 75 995
23 76 943
23 77 946
23 78 973
23 79 976
23 80 998
23 81 955
23 82 945
23 83 895
23 84 970
23 85 856
23 86 921
23 87 841
23 88 925
23 89 929
23 90 859
23 91 814
23 92 976
23 93 886
23 94 899
23 95 866
23 96 908
23 97 819
23 98 833
23 99 948
24 1 876
24 2 967
24 3 840
24 4 867
24 5 908
24 6 812
24 7 940
24 8 901
24 9 905
24 10 974
24 11 911
24 12 991
24 13 977
24 14 890
24 15 802
24 16 927
24 17 819
24 18 827
24 19 903
24 20 815
24 21 827
24 22 804
24 23 920
24 25 944
24 26 897
24 27 892
24 28 956
24 29 821
24 30 922
24 31 994
24 32 992
24 33 824
24 34 918
24 35 929
24 36 968
24 37 911
24 38 915
24 39 956
24 40 953
24 41 843
24 42 806
24 43 850
24 44 831
24 45 801
24 46 905
24 47 953
24 48 999
24 49 975
24 50 946
24 51 923
24 52 886
24 53 863
24 54 909
24 55 933
24 56 951
24 57 989
24 58 978
24 59 925
24 60 933
24 61 892
24 62 955
24 63 992
24 64 842
24 65 816
24 66 996
24 67 841
24 68 873
24 69 913
24 70 927
24 71 821
24 72 933
24 73 864
24 74 846
24 75 951
24 76 903
24 77 995
24 78 855
24 79 890
24 80 868
24 81 895
24 82 940
24 83 918
24 84 884
24 85 876
24 86 897
24 87 919
24 88 865
24 89 894
24 90 981
24 91 922
24 92 976
24 93 896
24 94 830
24 95 1000
24 96 871
24 97 869
24 98 898
24 99 936
25 1 986
25 2 904
25 3 933
25 4 841
25 5 839
25 6 818
25 7 884
25 8 909
25 9 860
25 10 861
25 11 912
25 12 817
25 13 842
25 14 920
25 15 994
25 16 904
25 17 950
25 18 977
25 19 903
25 20 991
25 21 896
25 22 893
25 23 999
25 24 944
25 26 994
25 27 825
25 28 867
25 29 810
25 30 988
25 31 806
25 32 846
25 33 910
25 34 924
25 35 860
25 36 957
25 37 922
25 38 809
25 39 933
25 40 959
25 41 915
25 42 842
25 43 858
25 44 852
25 45 856
25 46 899
25 47 973
25 48 829
25 49 909
25 50 954
25 51 922
25 52 881
25 53 952
25 54 961
25 55 870
25 56 807
25 57 945
25 58 978
25 59 884
25 60 956
25 61 819
25 62 897
25 63 929
25 64 968
25 65 966
25 66 986
25 67 977
25 68 948
25 69 953
25 70 941
25 71 933
25 72 870
25 73 970
25 74 893
25 75 875
25 76 975
25 77 802
25 78 835
25 79 900
25 80 918
25 81 843
25 82 862
25 83 976
25 84 864
25 85 970
25 86 913
25 87 922
25 88 847
25 89 937
25 90 815
25 91 955
25 92 957
25 93 855
25 94 895
25 95 984
25 96 867
25 97 931
25 98 906
25 99 992
26 1 920
26 2 899
26 3 834
26 4 920
26 5 941
26 6 815
26 7 875
26 8 879
26 9 826
26 10 834
26 11 998
26 12 900
26 13 855
26 14 815
26 15 861
26 16 821
26 17 822
26 18 821
26 19 838
26 20 972
26 21 998
26 22 909
26 23 964
26 24 897
26 25 994
26 27 980
26 28 832
26 29 954
26 30 806
26 31 922
26 32 814
26 33 850
26 34 828
26 35 910
26 36 914
26 37 984
26 38 962
26 39 835
26 40 880
26 41 974
26 42 939
26 43 806
26 44 824
26 45 869
26 46 825
26 47 924
26 48 933
26 49 824
26 50 819
26 51 997
26 52 888
26 53 808
26 54 818
26 55 883
26 56 972
26 57 929
26 58 884
26 59 965
26 60 884
26 61 967
26 62 973
26 63 932
26 64 992
26 65 800
26 66 830
26 67 987
26 68 963
26 69 959
26 70 844
26 71 913
26 72 841
26 73 987
26 74 861
26 75 888
26 76 811
26 77 968
26 78 807
26 79 910
26 80 938
26 81 993
26 82 921
26 83 882
26 84 971
26 85 842
26 86 898
26 87 968
26 88 959
26 89 988
26 90 858
26 91 905
26 92 947
26 93 890
26 94 895
26 95 880
26 96 841
26 97 914
26 98 999
26 99 865
27 1 969
27 2 964
27 3 861
27 4 835
27 5 984
27 6 996
27 7 910
27 8 844
27 9 983
27 10 985
27 11 926
27 12 866
27 13 911
27 14 880
27 15 847
27 16 857
27 17 936
27 18 850
27 19 896
27 20 959
27 21 807
27 22 954
27 23 967
27 24 892
27 25 825
27 26 980
27 28 852
27 29 875
27 30 868
27 31 945
27 32 921
27 33 817
27 34 894
27 35 993
27 36 992
27 37 810
27 38 958
27 39 909
27 40 857
27 41 920
27 42 986
27 43 993
27 44 925
27 45 823
27 46 928
27 47 892
27 48 857
27 49 872
27 50 951
27 51 814
27 52 800
27 53 957
27 54 853
27 55 934
27 56 811
27 57 911
27 58 888
27 59 877
27 60 948
27 61 912
27 62 924
27 63 842
27 64 953
27 65 893
27 66 894
27 67 999
27 68 835
27 69 869
27 70 857
27 71 842
27 72 941
27 73 865
27 74 849
27 75 911
27 76 950
27 77 847
27 78 987
27 79 811
27 80 847
27 81 858
27 82 869
27 83 992
27 84 906
27 85 804
27 86 811
27 87 827
27 88 877
27 89 805
27 90 994
27 91 968
27 92 801
27 93 932
27 94 894
27 95 857
27 96 854
27 97 978
27 98 986
27 99 937
28 1 838
28 2 997
28 3 948
28 4 820
28 5 960
28 6 990
28 7 968
28 8 875
28 9 962
28 10 934
28 11 980
28 12 900
28 13 905
28 14 832
28 15 800
28 16 917
28 17 965
28 18 995
28 19 812
28 20 978
28 21 852
28 22 903
28 23 816
28 24 956
28 25 867
28 26 832
28 27 852
28 29 889
28 30 848
28 31 870
28 32 982
28 33 800
28 34 989
28 35 964
28 36 889
28 37 896
28 38 836
28 39 959
28 40 993
28 41 979
28 42 891
28 43 999
28 44 967
28 45 836
28 46 831
28 47 910
28 48 875
28 49 928
28 50 900
28 51 890
28 52 820
28 53 993
28 54 992
28 55 825
28 56 977
28 57 888
28 58 962
28 59 884
28 60 840
28 61 894
28 62 888
28 63 869
28 64 1000
28 65 861
28 66 959
28 67 808
28 68 1000
28 69 806
28 70 841
28 71 889
28 72 848
28 73 964
28 74 829
28 75 831
28 76 803
28 77 859
28 78 846
28 79 961
28 80 843
28 81 868
28 82 955
28 83 896
28 84 957
28 85 869
28 86 991
28 87 993
28 88 852
28 89 899
28 90 881
28 91 875
28 92 855
28 93 874
28 94 977
28 95 832
28 96 812
28 97 929
28 98 889
28 99 875
29 1 860
29 2 807
29 3 960
29 4 829
29 5 831
29 6 837
29 7 974
29 8 974
29 9 916
29 10 989
29 11 817
29 12 809
29 13 893
29 14 972
29 15 936
29 16 871
29 17 837
29 18 810
29 19 980
29 20 858
29 21 955
29 22 885
29 23 982
29 24 821
29 25 810
29 26 954
29 27 875
29 28 889
29 30 914
29 31 980
29 32 961
29 33 930
29 34 901
29 35 898
29 36 947
29 37 871
29 38 986
29 39 863
29 40 902
29 41 821
29 42 946
29 43 840
29 44 910
29 45 816
29 46 998
29 47 946
29 48 816
29 49 859
29 50 899
29 51 966
29 52 892
29 53 962
29 54 897
29 55 880
29 56 848
29 57 973
29 58 844
29 59 853
29 60 902
29 61 917
29 62 830
29 63 947
29 64 802
29 65 853
29 66 937
29 67 917
29 68 941
29 69 909
29 70 893
29 71 899
29 72 918
29 73 866
29 74 954
29 75 998
29 76 938
29 77 818
29 78 956
29 79 955
29 80 879
29 81 830
29 82 867
29 83 982
29 84 982
29 85 912
29 86 870
29 87 802
29 88 944
29 89 881
29 90 983
29 91 948
29 92 977
29 93 864
29 94 969
29 95 868
29 96 913
29 97 918
29 98 843
29 99 990
30 1 944
30 2 839
30 3 803
30 4 819
30 5 932
30 6 991
30 7 979
30 8 820
30 9 950
30 10 950
30 11 987
30 12 834
30 13 880
30 14 980
30 15 932
30 16 999
30 17 866
30 18 972
30 19 985
30 20 980
30 21 803
30 22 972
30 23 958
30 24 922
30 25 988
30 26 806
30 27 868
30 28 848
30 29 914
30 31 950
30 32 972
30 33 822
30 34 851
30 35 980
30 36 832
30 37 985
30 38 859
30 39 844
30 40 982
30 41 996
30 42 961
30 43 841
30 44 857
30 45 899
30 46 952
30 47 937
30 48 882
30 49 829
30 50 988
30 51 857
30 52 913
30 53 807
30 54 904
30 55 956
30 56 957
30 57 861
30 58 849
30 59 848
30 60 945
30 61 841
30 62 941
30 63 829
30 64 847
30 65 998
30 66 973
30 67 989
30 68 922
30 69 997
30 70 965
30 71 841
30 72 931
30 73 915
30 74 920
30 75 937
30 76 922
30 77 894
30 78 863
30 79 949
30 80 927
30 81 859
30 82 825
30 83 838
30 84 830
30 85 905
30 86 924
30 87 901
30 88 946
30 89 928
30 90 924
30 91 813
30 92 897
30 93 897
30 94 909
30 95 934
30 96 974
30 97 819
30 98 910
30 99 934
31 1 968
31 2 963
31 3 953
31 4 807
31 5 835
31 6 887
31 7 915
31 8 950
31 9 940
31 10 864
31 11 819
31 12 821
31 13 912
31 14 872
31 15 937
31 16 902
31 17 926
31 18 822
31 19 907
31 20 956
31 21 822
31 22 824
31 23 916
31 24 994
31 25 806
31 26 922
31 27 945
31 28 870
31 29 980
31 30 950
31 32 927
31 33 862
31 34 809
31 35 835
31 36 848
31 37 808
31 38 803
31 39 986
31 40 986
31 41 921
31 42 824
31 43 812
31 44 849
31 45 989
31 46 889
31 47 943
31 48 942
31 49 867
31 50 985
31 51 956
31 52 955
31 53 931
31 54 909
31 55 891
31 56 874
31 57 881
31 58 993
31 59 911
31 60 812
31 61 907
31 62 988
31 63 910
31 64 902
31 65 904
31 66 878
31 67 978
31 68 809
31 69 982
31 70 823
31 71 999
31 72 966
31 73 933
31 74 881
31 75 832
31 76 880
31 77 977
31 78 945
31 79 983
31 80 947
31 81 960
31 82 974
31 83 899
31 84 817
31 85 913
31 86 816
31 87 894
31 88 800
31 89 805
31 90 921
31 91 945
31 92 934
31 93 829
31 94 930
31 95 866
31 96 922
31 97 859
31 98 961
31 99 873
32 1 918
32 2 973
32 3 833
32 4 867
32 5 841
32 6 823
32 7 925
32 8 879
32 9 998
32 10 924
32 11 988
32 12 996
32 13 855
32 14 889
32 15 953
32 16 830
32 17 833
32 18 968
32 19 945
32 20 831
32 21 976
32 22 841
32 23 855
32 24 992
32 25 846
32 26 814
32 27 921
32 28 982
32 29 961
32 30 972
32 31 927
32 33 856
32 34 964
32 35 865
32 36 923
32 37 818
32 38 879
32 39 944
32 40 808
32 41 997
32 42 935
32 43 819
32 44 814
32 45 975
32 46 940
32 47 915
32 48 865
32 49 821
32 50 932
32 51 899
32 52 954
32 53 837
32 54 803
32 55 817
32 56 921
32 57 835
32 58 932
32 59 945
32 60 897
32 61 829
32 62 996
32 63 816
32 64 970
32 65 991
32 66 819
32 67 922
32 68 887
32 69 855
32 70 919
32 71 848
32 72 883
32 73 827
32 74 922
32 75 881
32 76 997
32 77 987
32 78 937
32 79 856
32 80 803
32 81 980
32 82 912
32 83 850
32 84 828
32 85 988
32 86 900
32 87 942
32 88 937
32 89 925
32 90 994
32 91 946
32 92 805
32 93 817
32 94 922
32 95 917
32 96 889
32 97 805
32 98 849
32 99 893
33 1 972
33 2 802
33 3 872
33 4 930
33 5 870
33 6 894
33 7 948
33 8 995
33 9 823
33 10 942
33 11 977
33 12 871
33 13 985
33 14 896
33 15 905
33 16 977
33 17 886
33 18 918
33 19 840
33 20 874
33 21 851
33 22 877
33 23 806
33 24 824
33 25 910
33 26 850
33 27 817
33 28 800
33 29 930
33 30 822
33 31 862
33 32 856
33 34 981
33 35 919
33 36 934
33 37 929
33 38 919
33 39 936
33 40 921
33 41 979
33 42 873
33 43 810
33 44 882
33 45 997
33 46 947
33 47 855
33 48 849
33 49 985
33 50 956
33 51 969
33 52 910
33 53 918
33 54 978
33 55 829
33 56 842
33 57 981
33 58 875
33 59 860
33 60 885
33 61 893
33 62 997
33 63 940
33 64 849
33 65 928
33 66 879
33 67 888
33 68 998
33 69 817
33 70 836
33 71 1000
33 72 938
33 73 801
33 74 922
33 75 848
33 76 851
33 77 834
33 78 974
33 79 871
33 80 879
33 81 924
33 82 966
33 83 981
33 84 936
33 85 846
33 86 842
33 87 979
33 88 937
33 89 803
33 90 851
33 91 865
33 92 821
33 93 960
33 94 862
33 95 862
33 96 857
33 97 883
33 98 810
33 99 993
34 1 811
34 2 977
34 3 950
34 4 854
34 5 835
34 6 864
34 7 949
34 8 912
34 9 980
34 10 977
34 11 958
34 12 862
34 13 989
34 14 954
34 15 943
34 16 819
34 17 905
34 18 850
34 19 898
34 20 963
34 21 937
34 22 986
34 23 929
34 24 918
34 25 924
34 26 828
34 27 894
34 28 989
34 29 901
34 30 851
34 31 809
34 32 964
34 33 981
34 35 981
34 36 860
34 37 984
34 38 913
34 39 838
34 40 991
34 41 944
34 42 962
34 43 858
34 44 899
34 45 936
34 46 861
34 47 905
34 48 961
34 49 949
34 50 898
34 51 896
34 52 844
34 53 993
34 54 909
34 55 967
34 56 860
34 57 836
34 58 834
34 59 845
34 60 939
34 61 953
34 62 837
34 63 951
34 64 983
34 65 969
34 66 906
34 67 874
34 68 911
34 69 960
34 70 939
34 71 805
34 72 868
34 73 953
34 74 981
34 75 959
34 76 949
34 77 824
34 78 918
34 79 831
34 80 988
34 81 828
34 82 903
34 83 940
34 84 983
34 85 889
34 86 940
34 87 919
34 88 1000
34 89 892
34 90 994
34 91 880
34 92 967
34 93 979
34 94 968
34 95 891
34 96 933
34 97 810
34 98 999
34 99 998
35 1 816
35 2 882
35 3 993
35 4 943
35 5 960
35 6 905
35 7 933
35 8 876
35 9 808
35 10 935
35 11 882
35 12 947
35 13 952
35 14 896
35 15 915
35 16 946
35 17 921
35 18 858
35 19 883
35 20 943
35 21 913
35 22 817
35 23 889
35 24 929
35 25 860
35 26 910
35 27 993
35 28 964
35 29 898
35 30 980
35 31 835
35 32 865
35 33 919
35 34 981
35 36 936
35 37 937
35 38 830
35 39 977
35 40 828
35 41 815
35 42 946
35 43 962
35 44 864
35 45 941
35 46 876
35 47 815
35 48 843
35 49 981
35 50 835
35 51 909
35 52 890
35 53 907
35 54 828
35 55 903
35 56 855
35 57 959
35 58 830
35 59 842
35 60 998
35 61 863
35 62 817
35 63 921
35 64 843
35 65 804
35 66 875
35 67 870
35 68 805
35 69 812
35 70 902
35 71 962
35 72 990
35 73 836
35 74 862
35 75 943
35 76 849
35 77 928
35 78 841
35 79 869
35 80 975
35 81 876
35 82 994
35 83 921
35 84 906
35 85 943
35 86 886
35 87 855
35 88 918
35 89 879
35 90 950
35 91 958
35 92 937
35 93 914
35 94 865
35 95 940
35 96 857
35 97 816
35 98 815
35 99 967
36 1 809
36 2 864
36 3 991
36 4 885
36 5 867
36 6 818
36 7 940
36 8 911
36 9 833
36 10 851
36 11 858
36 12 939
36 13 914
36 14 902
36 15 913
36 16 849
36 17 893
36 18 883
36 19 862
36 20 950
36 21 926
36 22 956
36 23 870
36 24 968
36 25 957
36 26 914
36 27 992
36 28 889
36 29 947
36 30 832
36 31 848
36 32 923
36 33 934
36 34 860
36 35 936
36 37 940
36 38 829
36 39 828
36 40 889
36 41 904
36 42 896
36 43 897
36 44 815
36 45 875
36 46 839
36 47 861
36 48 921
36 49 826
36 50 905
36 51 903
36 52 863
36 53 904
36 54 987
36 55 832
36 56 943
36 57 810
36 58 889
36 59 888
36 60 931
36 61 880
36 62 824
36 63 982
36 64 905
36 65 879
36 66 939
36 67 1000
36 68 993
36 69 889
36 70 868
36 71 978
36 72 927
36 73 890
36 74 934
36 75 935
36 76 911
36 77 893
36 78 824
36 79 983
36 80 850
36 81 936
36 82 930
36 83 875
36 84 945
36 85 964
36 86 905
36 87 856
36 88 848
36 89 902
36 90 816
36 91 951
36 92 852
36 93 925
36 94 869
36 95 940
36 96 902
36 97 971
36 98 910
36 99 838
37 1 983
37 2 971
37 3 976
37 4 859
37 5 848
37 6 898
37 7 898
37 8 822
37 9 829
37 10 898
37 11 837
37 12 959
37 13 916
37 14 806
37 15 874
37 16 903
37 17 807
37 18 856
37 19 906
37 20 940
37 21 866
37 22 994
37 23 939
37 24 911
37 25 922
37 26 984
37 27 810
37 28 896
37 29 871
37 30 985
37 31 808
37 32 818
37 33 929
37 34 984
37 35 937
37 36 940
37 38 842
37 39 927
37 40 954
37 41 935
37 42 985
37 43 914
37 44 979
37 45 928
37 46 914
37 47 980
37 48 801
37 49 858
37 50 862
37 51 805
37 52 918
37 53 893
37 54 970
37 55 813
37 56 874
37 57 815
37 58 908
37 59 890
37 60 887
37 61 896
37 62 854
37 63 886
37 64 991
37 65 909
37 66 832
37 67 984
37 68 931
37 69 987
37 70 868
37 71 821
37 72 896
37 73 909
37 74 943
37 75 892
37 76 989
37 77 955
37 78 854
37 79 957
37 80 946
37 81 836
37 82 887
37 83 941
37 84 807
37 85 986
37 86 916
37 87 811
37 88 977
37 89 894
37 90 926
37 91 863
37 92 907
37 93 852
37 94 808
37 95 894
37 96 871
37 97 867
37 98 935
37 99 975
38 1 909
38 2 889
38 3 911
38 4 894
38 5 806
38 6 956
38 7 884
38 8 964
38 9 998
38 10 991
38 11 987
38 12 984
38 13 913
38 14 977
38 15 888
38 16 867
38 17 883
38 18 842
38 19 996
38 20 807
38 21 928
38 22 880
38 23 862
38 24 915
38 25 809
38 26 962
38 27 958
38 28 836
38 29 986
38 30 859
38 31 803
38 32 879
38 33 919
38 34 913
38 35 830
38 36 829
38 37 842
38 39 921
38 40 816
38 41 944
38 42 818
38 43 832
38 44 822
38 45 965
38 46 802
38 47 971
38 48 867
38 49 898
38 50 988
38 51 918
38 52 851
38 53 983
38 54 906
38 55 948
38 56 976
38 57 928
38 58 962
38 59 858
38 60 996
38 61 998
38 62 928
38 63 983
38 64 833
38 65 867
38 66 833
38 67 891
38 68 899
38 69 914
38 70 996
38 71 818
38 72 921
38 73 884
38 74 961
38 75 861
38 76 939
38 77 826
38 78 807
38 79 867
38 80 806
38 81 915
38 82 904
38 83 850
38 84 998
38 85 846
38 86 895
38 87 925
38 88 822
38 89 878
38 90 969
38 91 983
38 92 952
38 93 850
38 94 823
38 95 873
38 96 876
38 97 999
38 98 977
38 99 989
39 1 864
39 2 804
39 3 900
39 4 819
39 5 925
39 6 972
39 7 912
39 8 803
39 9 847
39 10 948
39 11 976
39 12 847
39 13 998
39 14 868
39 15 950
39 16 881
39 17 889
39 18 982
39 19 865
39 20 979
39 21 820
39 22 878
39 23 900
39 24 956
39 25 933
39 26 835
39 27 909
39 28 959
39 29 863
39 30 844
39 31 986
39 32 944
39 33 936
39 34 838
39 35 977
39 36 828
39 37 927
39 38 921
39 40 825
39 41 958
39 42 816
39 43 817
39 44 871
39 45 957
39 46 860
39 47 824
39 48 975
39 49 837
39 50 938
39 51 882
39 52 949
39 53 825
39 54 814
39 55 889
39 56 951
39 57 988
39 58 929
39 59 913
39 60 980
39 61 981
39 62 858
39 63 959
39 64 904
39 65 900
39 66 894
39 67 893
39 68 883
39 69 966
39 70 902
39 71 942
39 72 856
39 73 859
39 74 834
39 75 856
39 76 913
39 77 852
39 78 907
39 79 932
39 80 904
39 81 880
39 82 893
39 83 855
39 84 824
39 85 877
39 86 976
39 87 874
39 88 924
39 89 913
39 90 961
39 91 806
39 92 804
39 93 978
39 94 806
39 95 961
39 96 861
39 97 931
39 98 957
39 99 828
40 1 942
40 2 913
40 3 803
40 4 868
40 5 915
40 6 851
40 7 806
40 8 940
40 9 809
40 10 872
40 11 938
40 12 872
40 13 805
40 14 839
40 15 879
40 16 833
40 17 918
40 18 952
40 19 970
40 20 973
40 21 947
40 22 868
40 23 919
40 24 953
40 25 959
40 26 880
40 27 857
40 28 993
40 29 902
40 30 982
40 31 986
40 32 808
40 33 921
40 34 991
40 35 828
40 36 889
40 37 954
40 38 816
40 39 825
40 41 946
40 42 803
40 43 952
40 44 908
40 45 875
40 46 825
40 47 953
40 48 939
40 49 815
40 50 946
40 51 991
40 52 940
40 53 879
40 54 986
40 55 846
40 56 836
40 57 868
40 58 814
40 59 809
40 60 836
40 61 928
40 62 865
40 63 810
40 64 936
40 65 930
40 66 981
40 67 983
40 68 868
40 69 880
40 70 871
40 71 921
40 72 861
40 73 852
40 74 881
40 75 941
40 76 934
40 77 953
40 78 950
40 79 800
40 80 909
40 81 902
40 82 872
40 83 899
40 84 956
40 85 961
40 86 977
40 87 871
40 88 914
40 89 835
40 90 859
40 91 982
40 92 886
40 93 957
40 94 825
40 95 901
40 96 908
40 97 888
40 98 981
40 99 838
41 1 807
41 2 989
41 3 821
41 4 986
41 5 971
41 6 884
41 7 843
41 8 820
41 9 838
41 10 899
41 11 820
41 12 895
41 13 818
41 14 829
41 15 917
41 16 950
41 17 992
41 18 879
41 19 862
41 20 975
41 21 971
41 22 867
41 23 897
41 24 843
41 25 915
41 26 974
41 27 920
41 28 979
41 29 821
41 30 996
41 31 921
41 32 997
41 33 979
41 34 944
41 35 815
41 36 904
41 37 935
41 38 944
41 39 958
41 40 946
41 42 907
41 43 913
41 44 861
41 45 952
41 46 914
41 47 995
41 48 966
41 49 933
41 50 823
41 51 943
41 52 958
41 53 928
41 54 801
41 55 842
41 56 931
41 57 979
41 58 918
41 59 963
41 60 952
41 61 865
41 62 930
41 63 904
41 64 997
41 65 872
41 66 912
41 67 877
41 68 923
41 69 988
41 70 980
41 71 948
41 72 867
41 73 970
41 74 855
41 75 837
41 76 914
41 77 843
41 78 842
41 79 804
41 80 882
41 81 938
41 82 927
41 83 848
41 84 827
41 85 833
41 86 857
41 87 921
41 88 818
41 89 881
41 90 838
41 91 801
41 92 989
41 93 907
41 94 807
41 95 850
41 96 922
41 97 812
41 98 920
41 99 854
42 1 860
42 2 951
42 3 820
42 4 953
42 5 951
42 6 884
42 7 903
42 8 828
42 9 821
42 10 836
42 11 887
42 12 959
42 13 853
42 14 922
42 15 987
42 16 908
42 17 918
