s 1 915
s 2 988
s 3 818
s 4 245
s 5 507
s 6 666
s 7 419
s 8 452
s 9 962
s 10 754
s 11 777
s 12 470
s 13 496
s 14 890
s 15 799
s 16 960
s 17 549
s 18 817
s 19 940
s 20 958
s 21 384
s 22 390
s 23 203
s 24 396
s 25 468
s 26 874
s 27 267
s 28 551
s 29 345
s 30 547
s 31 522
s 32 948
s 33 986
s 34 206
s 35 795
s 36 533
s 37 397
s 38 443
s 39 435
s 40 450
s 41 987
s 42 804
s 43 670
s 44 296
s 45 807
s 46 278
s 47 227
s 48 436
s 49 773
s 50 747
s 51 671
s 52 577
s 53 881
s 54 764
s 55 500
s 56 792
s 57 210
s 58 218
s 59 682
s 60 570
s 61 322
s 62 829
s 63 866
s 64 259
s 65 676
s 66 760
s 67 257
s 68 947
s 69 710
s 70 748
s 71 915
s 72 507
s 73 474
s 74 845
s 75 908
s 76 355
s 77 325
s 78 730
s 79 516
s 80 764
s 81 904
s 82 585
s 83 670
s 84 849
s 85 727
s 86 840
s 87 828
s 88 746
s 89 999
s 90 485
s 91 709
s 92 654
s 93 331
s 94 362
s 95 977
s 96 389
s 97 443
s 98 314
s 99 431
1 2 498
1 3 910
1 4 525
1 5 770
1 6 443
1 7 214
1 8 548
1 9 205
1 10 522
1 11 318
1 12 353
1 13 944
1 14 218
1 15 404
1 16 626
1 17 873
1 18 309
1 19 254
1 20 959
1 21 624
1 22 817
1 23 619
1 24 484
1 25 754
1 26 387
1 27 525
1 28 786
1 29 651
1 30 905
1 31 298
1 32 445
1 33 842
1 34 967
1 35 762
1 36 809
1 37 633
1 38 550
1 39 902
1 40 510
1 41 760
1 42 825
1 43 518
1 44 433
1 45 328
1 46 208
1 47 276
1 48 270
1 49 428
1 50 629
1 51 311
1 52 864
1 53 386
1 54 220
1 55 768
1 56 712
1 57 856
1 58 350
1 59 330
1 60 755
1 61 554
1 62 845
1 63 637
1 64 473
1 65 263
1 66 509
1 67 254
1 68 270
1 69 354
1 70 924
1 71 461
1 72 439
1 73 210
1 74 677
1 75 435
1 76 881
1 77 911
1 78 420
1 79 912
1 80 762
1 81 802
1 82 661
1 83 711
1 84 587
1 85 947
1 86 564
1 87 303
1 88 884
1 89 722
1 90 671
1 91 738
1 92 604
1 93 683
1 94 742
1 95 424
1 96 286
1 97 845
1 98 962
1 99 302
2 1 498
2 3 336
2 4 691
2 5 840
2 6 875
2 7 346
2 8 828
2 9 370
2 10 623
2 11 826
2 12 256
2 13 510
2 14 753
2 15 287
2 16 706
2 17 984
2 18 265
2 19 938
2 20 770
2 21 734
2 22 569
2 23 976
2 24 914
2 25 262
2 26 994
2 27 759
2 28 203
2 29 706
2 30 806
2 31 206
2 32 886
2 33 318
2 34 395
2 35 352
2 36 922
2 37 836
2 38 923
2 39 735
2 40 807
2 41 214
2 42 664
2 43 251
2 44 337
2 45 428
2 46 364
2 47 555
2 48 553
2 49 499
2 50 883
2 51 968
2 52 287
2 53 619
2 54 624
2 55 430
2 56 892
2 57 539
2 58 796
2 59 805
2 60 527
2 61 593
2 62 259
2 63 917
2 64 209
2 65 501
2 66 736
2 67 348
2 68 323
2 69 820
2 70 218
2 71 763
2 72 683
2 73 684
2 74 864
2 75 675
2 76 260
2 77 536
2 78 216
2 79 440
2 80 274
2 81 719
2 82 681
2 83 433
2 84 570
2 85 739
2 86 712
2 87 802
2 88 659
2 89 211
2 90 654
2 91 919
2 92 712
2 93 906
2 94 600
2 95 485
2 96 666
2 97 793
2 98 654
2 99 572
3 1 910
3 2 336
3 4 633
3 5 458
3 6 734
3 7 873
3 8 848
3 9 603
3 10 554
3 11 233
3 12 701
3 13 331
3 14 532
3 15 751
3 16 307
3 17 775
3 18 672
3 19 552
3 20 654
3 21 737
3 22 541
3 23 795
3 24 755
3 25 348
3 26 299
3 27 692
3 28 970
3 29 661
3 30 345
3 31 637
3 32 381
3 33 918
3 34 872
3 35 532
3 36 370
3 37 268
3 38 399
3 39 377
3 40 836
3 41 889
3 42 772
3 43 505
3 44 234
3 45 930
3 46 434
3 47 359
3 48 270
3 49 913
3 50 567
3 51 262
3 52 896
3 53 607
3 54 353
3 55 271
3 56 737
3 57 462
3 58 863
3 59 811
3 60 770
3 61 802
3 62 469
3 63 262
3 64 614
3 65 968
3 66 769
3 67 316
3 68 844
3 69 500
3 70 776
3 71 322
3 72 353
3 73 906
3 74 215
3 75 441
3 76 525
3 77 233
3 78 906
3 79 374
3 80 307
3 81 895
3 82 942
3 83 445
3 84 448
3 85 297
3 86 861
3 87 409
3 88 984
3 89 910
3 90 858
3 91 905
3 92 382
3 93 203
3 94 584
3 95 753
3 96 709
3 97 952
3 98 732
3 99 917
4 1 525
4 2 691
4 3 633
4 5 897
4 6 599
4 7 506
4 8 986
4 9 902
4 10 695
4 11 703
4 12 701
4 13 542
4 14 527
4 15 518
4 16 244
4 17 740
4 18 488
4 19 518
4 20 208
4 21 992
4 22 866
4 23 588
4 24 892
4 25 613
4 26 630
4 27 600
4 28 420
4 29 631
4 30 240
4 31 819
4 32 497
4 33 541
4 34 334
4 35 232
4 36 908
4 37 301
4 38 760
4 39 375
4 40 289
4 41 298
4 42 675
4 43 607
4 44 773
4 45 483
4 46 475
4 47 932
4 48 721
4 49 756
4 50 761
4 51 461
4 52 503
4 53 713
4 54 214
4 55 426
4 56 322
4 57 236
4 58 218
4 59 253
4 60 545
4 61 805
4 62 404
4 63 329
4 64 528
4 65 471
4 66 506
4 67 317
4 68 896
4 69 953
4 70 378
4 71 993
4 72 763
4 73 701
4 74 449
4 75 498
4 76 622
4 77 751
4 78 940
4 79 555
4 80 907
4 81 446
4 82 827
4 83 484
4 84 988
4 85 757
4 86 891
4 87 373
4 88 373
4 89 466
4 90 273
4 91 909
4 92 213
4 93 696
4 94 636
4 95 275
4 96 596
4 97 560
4 98 611
4 99 834
5 1 770
5 2 840
5 3 458
5 4 897
5 6 853
5 7 218
5 8 431
5 9 751
5 10 907
5 11 422
5 12 433
5 13 516
5 14 856
5 15 560
5 16 251
5 17 816
5 18 768
5 19 597
5 20 933
5 21 235
5 22 397
5 23 457
5 24 465
5 25 332
5 26 431
5 27 213
5 28 889
5 29 494
5 30 381
5 31 221
5 32 570
5 33 555
5 34 395
5 35 593
5 36 924
5 37 735
5 38 685
5 39 722
5 40 233
5 41 808
5 42 798
5 43 241
5 44 809
5 45 663
5 46 849
5 47 446
5 48 293
5 49 458
5 50 658
5 51 588
5 52 506
5 53 802
5 54 630
5 55 285
5 56 810
5 57 627
5 58 223
5 59 524
5 60 480
5 61 984
5 62 708
5 63 410
5 64 489
5 65 478
5 66 866
5 67 550
5 68 794
5 69 604
5 70 623
5 71 232
5 72 288
5 73 320
5 74 624
5 75 515
5 76 285
5 77 209
5 78 847
5 79 833
5 80 376
5 81 352
5 82 469
5 83 518
5 84 630
5 85 305
5 86 363
5 87 475
5 88 994
5 89 777
5 90 684
5 91 581
5 92 823
5 93 591
5 94 564
5 95 263
5 96 301
5 97 672
5 98 351
5 99 841
6 1 443
6 2 875
6 3 734
6 4 599
6 5 853
6 7 529
6 8 950
6 9 309
6 10 936
6 11 607
6 12 481
6 13 421
6 14 599
6 15 425
6 16 569
6 17 246
6 18 268
6 19 307
6 20 538
6 21 922
6 22 566
6 23 743
6 24 310
6 25 510
6 26 370
6 27 846
6 28 808
6 29 374
6 30 949
6 31 314
6 32 260
6 33 348
6 34 567
6 35 737
6 36 862
6 37 278
6 38 820
6 39 924
6 40 813
6 41 649
6 42 976
6 43 508
6 44 893
6 45 385
6 46 832
6 47 617
6 48 956
6 49 286
6 50 487
6 51 820
6 52 250
6 53 262
6 54 894
6 55 264
6 56 911
6 57 817
6 58 550
6 59 247
6 60 857
6 61 734
6 62 235
6 63 675
6 64 950
6 65 399
6 66 680
6 67 393
6 68 348
6 69 213
6 70 771
6 71 918
6 72 376
6 73 299
6 74 316
6 75 853
6 76 884
6 77 329
6 78 914
6 79 203
6 80 642
6 81 329
6 82 421
6 83 802
6 84 770
6 85 638
6 86 200
6 87 904
6 88 546
6 89 896
6 90 418
6 91 539
6 92 449
6 93 725
6 94 221
6 95 634
6 96 426
6 97 467
6 98 507
6 99 732
7 1 214
7 2 346
7 3 873
7 4 506
7 5 218
7 6 529
7 8 399
7 9 624
7 10 807
7 11 989
7 12 951
7 13 713
7 14 812
7 15 361
7 16 783
7 17 780
7 18 286
7 19 247
7 20 959
7 21 783
7 22 859
7 23 998
7 24 989
7 25 200
7 26 402
7 27 653
7 28 549
7 29 910
7 30 276
7 31 918
7 32 637
7 33 493
7 34 644
7 35 277
7 36 366
7 37 475
7 38 791
7 39 409
7 40 229
7 41 275
7 42 965
7 43 729
7 44 212
7 45 641
7 46 254
7 47 775
7 48 439
7 49 761
7 50 593
7 51 827
7 52 536
7 53 448
7 54 392
7 55 527
7 56 707
7 57 426
7 58 760
7 59 598
7 60 386
7 61 786
7 62 956
7 63 954
7 64 390
7 65 335
7 66 358
7 67 949
7 68 968
7 69 305
7 70 587
7 71 921
7 72 859
7 73 663
7 74 504
7 75 725
7 76 511
7 77 556
7 78 963
7 79 244
7 80 977
7 81 460
7 82 274
7 83 292
7 84 510
7 85 650
7 86 790
7 87 589
7 88 603
7 89 843
7 90 759
7 91 340
7 92 298
7 93 468
7 94 369
7 95 993
7 96 844
7 97 738
7 98 784
7 99 838
8 1 548
8 2 828
8 3 848
8 4 986
8 5 431
8 6 950
8 7 399
8 9 203
8 10 375
8 11 694
8 12 307
8 13 413
8 14 556
8 15 359
8 16 552
8 17 751
8 18 951
8 19 926
8 20 742
8 21 386
8 22 903
8 23 965
8 24 465
8 25 683
8 26 588
8 27 315
8 28 630
8 29 623
8 30 644
8 31 808
8 32 627
8 33 207
8 34 516
8 35 716
8 36 973
8 37 282
8 38 245
8 39 391
8 40 739
8 41 655
8 42 387
8 43 877
8 44 821
8 45 933
8 46 624
8 47 422
8 48 817
8 49 276
8 50 967
8 51 660
8 52 799
8 53 808
8 54 947
8 55 808
8 56 935
8 57 913
8 58 516
8 59 302
8 60 652
8 61 532
8 62 270
8 63 561
8 64 376
8 65 379
8 66 536
8 67 810
8 68 581
8 69 967
8 70 373
8 71 583
8 72 600
8 73 799
8 74 397
8 75 842
8 76 876
8 77 643
8 78 794
8 79 850
8 80 928
8 81 242
8 82 438
8 83 778
8 84 855
8 85 282
8 86 617
8 87 671
8 88 892
8 89 793
8 90 209
8 91 966
8 92 895
8 93 731
8 94 600
8 95 462
8 96 615
8 97 626
8 98 525
8 99 337
9 1 205
9 2 370
9 3 603
9 4 902
9 5 751
9 6 309
9 7 624
9 8 203
9 10 405
9 11 763
9 12 971
9 13 393
9 14 594
9 15 570
9 16 730
9 17 401
9 18 495
9 19 578
9 20 636
9 21 287
9 22 826
9 23 820
9 24 354
9 25 348
9 26 651
9 27 443
9 28 231
9 29 488
9 30 336
9 31 667
9 32 815
9 33 616
9 34 479
9 35 300
9 36 363
9 37 371
9 38 825
9 39 760
9 40 551
9 41 697
9 42 376
9 43 831
9 44 519
9 45 939
9 46 634
9 47 629
9 48 905
9 49 571
9 50 941
9 51 846
9 52 596
9 53 832
9 54 1000
9 55 729
9 56 577
9 57 664
9 58 474
9 59 283
9 60 535
9 61 302
9 62 221
9 63 943
9 64 281
9 65 916
9 66 781
9 67 621
9 68 342
9 69 349
9 70 798
9 71 473
9 72 341
9 73 897
9 74 670
9 75 455
9 76 860
9 77 708
9 78 983
9 79 447
9 80 421
9 81 730
9 82 657
9 83 842
9 84 638
9 85 369
9 86 306
9 87 799
9 88 607
9 89 807
9 90 493
9 91 669
9 92 375
9 93 672
9 94 602
9 95 401
9 96 787
9 97 583
9 98 837
9 99 488
10 1 522
10 2 623
10 3 554
10 4 695
10 5 907
10 6 936
10 7 807
10 8 375
10 9 405
10 11 512
10 12 950
10 13 935
10 14 812
10 15 763
10 16 804
10 17 573
10 18 507
10 19 500
10 20 965
10 21 907
10 22 683
10 23 381
10 24 985
10 25 614
10 26 799
10 27 691
10 28 817
10 29 659
10 30 577
10 31 795
10 32 845
10 33 929
10 34 258
10 35 628
10 36 475
10 37 488
10 38 738
10 39 622
10 40 494
10 41 985
10 42 670
10 43 634
10 44 847
10 45 596
10 46 233
10 47 961
10 48 756
10 49 249
10 50 252
10 51 944
10 52 647
10 53 270
10 54 375
10 55 225
10 56 635
10 57 790
10 58 280
10 59 751
10 60 354
10 61 506
10 62 476
10 63 811
10 64 894
10 65 859
10 66 910
10 67 453
10 68 254
10 69 390
10 70 632
10 71 245
10 72 675
10 73 361
10 74 715
10 75 494
10 76 501
10 77 682
10 78 439
10 79 973
10 80 998
10 81 844
10 82 879
10 83 497
10 84 760
10 85 506
10 86 643
10 87 285
10 88 352
10 89 446
10 90 458
10 91 221
10 92 276
10 93 478
10 94 552
10 95 486
10 96 539
10 97 949
10 98 678
10 99 885
11 1 318
11 2 826
11 3 233
11 4 703
11 5 422
11 6 607
11 7 989
11 8 694
11 9 763
11 10 512
11 12 280
11 13 658
11 14 477
11 15 724
11 16 265
11 17 817
11 18 647
11 19 464
11 20 827
11 21 880
11 22 496
11 23 917
11 24 821
11 25 515
11 26 657
11 27 988
11 28 848
11 29 547
11 30 440
11 31 731
11 32 449
11 33 510
11 34 618
11 35 289
11 36 877
11 37 781
11 38 532
11 39 849
11 40 524
11 41 499
11 42 386
11 43 943
11 44 711
11 45 906
11 46 256
11 47 768
11 48 561
11 49 790
11 50 553
11 51 851
11 52 567
11 53 660
11 54 946
11 55 906
11 56 848
11 57 385
11 58 379
11 59 528
11 60 465
11 61 741
11 62 709
11 63 497
11 64 294
11 65 509
11 66 878
11 67 299
11 68 995
11 69 797
11 70 315
11 71 956
11 72 246
11 73 515
11 74 897
11 75 402
11 76 319
11 77 592
11 78 654
11 79 876
11 80 466
11 81 782
11 82 285
11 83 258
11 84 802
11 85 222
11 86 984
11 87 886
11 88 755
11 89 459
11 90 318
11 91 864
11 92 310
11 93 807
11 94 418
11 95 914
11 96 816
11 97 926
11 98 843
11 99 879
12 1 353
12 2 256
12 3 701
12 4 701
12 5 433
12 6 481
12 7 951
12 8 307
12 9 971
12 10 950
12 11 280
12 13 445
12 14 879
12 15 635
12 16 266
12 17 783
12 18 599
12 19 678
12 20 257
12 21 920
12 22 997
12 23 499
12 24 585
12 25 908
12 26 745
12 27 855
12 28 936
12 29 524
12 30 813
12 31 709
12 32 439
12 33 596
12 34 273
12 35 263
12 36 460
12 37 840
12 38 356
12 39 878
12 40 758
12 41 416
12 42 874
12 43 887
12 44 905
12 45 816
12 46 329
12 47 819
12 48 758
12 49 282
12 50 323
12 51 565
12 52 861
12 53 434
12 54 391
12 55 764
12 56 870
12 57 559
12 58 719
12 59 950
12 60 397
12 61 652
12 62 640
12 63 816
12 64 728
12 65 997
12 66 289
12 67 476
12 68 501
12 69 347
12 70 347
12 71 630
12 72 500
12 73 797
12 74 361
12 75 809
12 76 389
12 77 349
12 78 463
12 79 810
12 80 304
12 81 530
12 82 782
12 83 872
12 84 700
12 85 454
12 86 730
12 87 667
12 88 556
12 89 609
12 90 754
12 91 209
12 92 865
12 93 691
12 94 736
12 95 884
12 96 324
12 97 618
12 98 762
12 99 885
13 1 944
13 2 510
13 3 331
13 4 542
13 5 516
13 6 421
13 7 713
13 8 413
13 9 393
13 10 935
13 11 658
13 12 445
13 14 271
13 15 578
13 16 584
13 17 472
13 18 995
13 19 459
13 20 294
13 21 929
13 22 831
13 23 480
13 24 651
13 25 239
13 26 804
13 27 852
13 28 498
13 29 407
13 30 974
13 31 311
13 32 806
13 33 431
13 34 851
13 35 308
13 36 636
13 37 259
13 38 286
13 39 899
13 40 259
13 41 411
13 42 615
13 43 234
13 44 614
13 45 816
13 46 940
13 47 478
13 48 914
13 49 481
13 50 654
13 51 969
13 52 727
13 53 973
13 54 267
13 55 618
13 56 938
13 57 834
13 58 816
13 59 667
13 60 337
13 61 889
13 62 544
13 63 393
13 64 566
13 65 590
13 66 810
13 67 913
13 68 754
13 69 244
13 70 210
13 71 725
13 72 462
13 73 546
13 74 786
13 75 398
13 76 909
13 77 538
13 78 836
13 79 360
13 80 378
13 81 763
13 82 841
13 83 571
13 84 659
13 85 437
13 86 218
13 87 955
13 88 203
13 89 582
13 90 469
13 91 439
13 92 812
13 93 829
13 94 487
13 95 399
13 96 572
13 97 449
13 98 849
13 99 587
14 1 218
14 2 753
14 3 532
14 4 527
14 5 856
14 6 599
14 7 812
14 8 556
14 9 594
14 10 812
14 11 477
14 12 879
14 13 271
14 15 598
14 16 611
14 17 218
14 18 217
14 19 245
14 20 788
14 21 610
14 22 485
14 23 960
14 24 995
14 25 601
14 26 983
14 27 507
14 28 894
14 29 838
14 30 760
14 31 458
14 32 287
14 33 917
14 34 772
14 35 310
14 36 345
14 37 738
14 38 836
14 39 417
14 40 423
14 41 751
14 42 321
14 43 728
14 44 524
14 45 527
14 46 949
14 47 458
14 48 997
14 49 654
14 50 362
14 51 557
14 52 768
14 53 669
14 54 548
14 55 206
14 56 503
14 57 628
14 58 740
14 59 200
14 60 775
14 61 414
14 62 638
14 63 223
14 64 735
14 65 913
14 66 588
14 67 910
14 68 560
14 69 645
14 70 953
14 71 304
14 72 701
14 73 929
14 74 994
14 75 320
14 76 570
14 77 240
14 78 416
14 79 234
14 80 461
14 81 963
14 82 610
14 83 700
14 84 636
14 85 854
14 86 701
14 87 656
14 88 528
14 89 683
14 90 500
14 91 434
14 92 786
14 93 759
14 94 894
14 95 538
14 96 595
14 97 623
14 98 248
14 99 546
15 1 404
15 2 287
15 3 751
15 4 518
15 5 560
15 6 425
15 7 361
15 8 359
15 9 570
15 10 763
15 11 724
15 12 635
15 13 578
15 14 598
15 16 485
15 17 394
15 18 831
15 19 736
15 20 703
15 21 775
15 22 453
15 23 404
15 24 491
15 25 835
15 26 708
15 27 472
15 28 891
15 29 651
15 30 494
15 31 957
15 32 354
15 33 743
15 34 940
15 35 393
15 36 291
15 37 553
15 38 579
15 39 617
15 40 320
15 41 291
15 42 240
15 43 619
15 44 527
15 45 762
15 46 350
15 47 617
15 48 519
15 49 610
15 50 354
15 51 985
15 52 978
15 53 599
15 54 959
15 55 728
15 56 886
15 57 275
15 58 588
15 59 577
15 60 967
15 61 931
15 62 956
15 63 492
15 64 266
15 65 562
15 66 602
15 67 696
15 68 836
15 69 363
15 70 641
15 71 877
15 72 757
15 73 701
15 74 269
15 75 357
15 76 916
15 77 887
15 78 228
15 79 728
15 80 967
15 81 825
15 82 575
15 83 318
15 84 435
15 85 824
15 86 377
15 87 777
15 88 455
15 89 249
15 90 677
15 91 539
15 92 707
15 93 646
15 94 914
15 95 852
15 96 678
15 97 302
15 98 240
15 99 472
16 1 626
16 2 706
16 3 307
16 4 244
16 5 251
16 6 569
16 7 783
16 8 552
16 9 730
16 10 804
16 11 265
16 12 266
16 13 584
16 14 611
16 15 485
16 17 379
16 18 925
16 19 260
16 20 758
16 21 503
16 22 789
16 23 282
16 24 479
16 25 303
16 26 786
16 27 391
16 28 537
16 29 750
16 30 249
16 31 926
16 32 632
16 33 987
16 34 951
16 35 493
16 36 366
16 37 490
16 38 235
16 39 913
16 40 576
16 41 681
16 42 775
16 43 857
16 44 991
16 45 317
16 46 634
16 47 469
16 48 414
16 49 855
16 50 925
16 51 660
16 52 510
16 53 472
16 54 797
16 55 594
16 56 507
16 57 401
16 58 812
16 59 646
16 60 867
16 61 811
16 62 695
16 63 836
16 64 203
16 65 496
16 66 518
16 67 310
16 68 389
16 69 370
16 70 556
16 71 779
16 72 727
16 73 807
16 74 705
16 75 943
16 76 516
16 77 340
16 78 439
16 79 227
16 80 886
16 81 992
16 82 724
16 83 444
16 84 577
16 85 324
16 86 305
16 87 756
16 88 636
16 89 575
16 90 799
16 91 340
16 92 793
16 93 671
16 94 477
16 95 997
16 96 353
16 97 607
16 98 748
16 99 982
17 1 873
17 2 984
17 3 775
17 4 740
17 5 816
17 6 246
17 7 780
17 8 751
17 9 401
17 10 573
17 11 817
17 12 783
17 13 472
17 14 218
17 15 394
17 16 379
17 18 600
17 19 324
17 20 857
17 21 854
17 22 813
17 23 873
17 24 343
17 25 380
17 26 392
17 27 988
17 28 711
17 29 808
17 30 356
17 31 649
17 32 866
17 33 746
17 34 664
17 35 645
17 36 598
17 37 761
17 38 896
17 39 769
17 40 505
17 41 632
17 42 514
17 43 566
17 44 597
17 45 585
17 46 899
17 47 216
17 48 813
17 49 228
17 50 584
17 51 386
17 52 799
17 53 353
17 54 960
17 55 584
17 56 610
17 57 894
17 58 533
17 59 529
17 60 858
17 61 372
17 62 664
17 63 374
17 64 952
17 65 645
17 66 941
17 67 346
17 68 785
17 69 809
17 70 492
17 71 710
17 72 940
17 73 874
17 74 757
17 75 796
17 76 547
17 77 844
17 78 868
17 79 708
17 80 257
17 81 961
17 82 380
17 83 201
17 84 283
17 85 810
17 86 789
17 87 741
17 88 224
17 89 916
17 90 444
17 91 835
17 92 533
17 93 645
17 94 964
17 95 324
17 96 308
17 97 795
17 98 790
17 99 211
18 1 309
18 2 265
18 3 672
18 4 488
18 5 768
18 6 268
18 7 286
18 8 951
18 9 495
18 10 507
18 11 647
18 12 599
18 13 995
18 14 217
18 15 831
18 16 925
18 17 600
18 19 773
18 20 965
18 21 478
18 22 737
18 23 672
18 24 599
18 25 389
18 26 549
18 27 413
18 28 262
18 29 382
18 30 928
18 31 974
18 32 412
18 33 798
18 34 993
18 35 369
18 36 440
18 37 256
18 38 280
18 39 591
18 40 760
18 41 213
18 42 269
18 43 526
18 44 335
18 45 583
18 46 690
18 47 584
18 48 673
18 49 254
18 50 825
18 51 853
18 52 361
18 53 965
18 54 268
18 55 289
18 56 292
18 57 478
18 58 590
18 59 420
18 60 789
18 61 916
18 62 314
18 63 861
18 64 429
18 65 438
18 66 326
18 67 767
18 68 312
18 69 578
18 70 682
18 71 397
18 72 568
18 73 604
18 74 914
18 75 469
18 76 979
18 77 794
18 78 579
18 79 445
18 80 580
18 81 373
18 82 742
18 83 668
18 84 866
18 85 456
18 86 398
18 87 246
18 88 564
18 89 221
18 90 444
18 91 624
18 92 280
18 93 252
18 94 682
18 95 642
18 96 734
18 97 828
18 98 976
18 99 472
19 1 254
19 2 938
19 3 552
19 4 518
19 5 597
19 6 307
19 7 247
19 8 926
19 9 578
19 10 500
19 11 464
19 12 678
19 13 459
19 14 245
19 15 736
19 16 260
19 17 324
19 18 773
19 20 287
19 21 472
19 22 885
19 23 339
19 24 416
19 25 301
19 26 950
19 27 865
19 28 552
19 29 215
19 30 965
19 31 647
19 32 459
19 33 497
19 34 719
19 35 584
19 36 561
19 37 882
19 38 583
19 39 700
19 40 547
19 41 858
19 42 543
19 43 448
19 44 480
19 45 219
19 46 275
19 47 591
19 48 850
19 49 386
19 50 760
19 51 225
19 52 523
19 53 975
19 54 359
19 55 949
19 56 233
19 57 376
19 58 210
19 59 685
19 60 265
19 61 770
19 62 924
19 63 648
19 64 465
19 65 832
19 66 256
19 67 973
19 68 224
19 69 979
19 70 670
19 71 337
19 72 907
19 73 340
19 74 534
19 75 270
19 76 315
19 77 567
19 78 406
19 79 361
19 80 252
19 81 449
19 82 792
19 83 899
19 84 596
19 85 530
19 86 698
19 87 577
19 88 989
19 89 561
19 90 798
19 91 835
19 92 577
19 93 567
19 94 297
19 95 624
19 96 486
19 97 612
19 98 762
19 99 572
20 1 959
20 2 770
20 3 654
20 4 208
20 5 933
20 6 538
20 7 959
20 8 742
20 9 636
20 10 965
20 11 827
20 12 257
20 13 294
20 14 788
20 15 703
20 16 758
20 17 857
20 18 965
20 19 287
20 21 572
20 22 765
20 23 222
20 24 952
20 25 221
20 26 675
20 27 591
20 28 570
20 29 409
20 30 642
20 31 337
20 32 802
20 33 625
20 34 851
20 35 680
20 36 206
20 37 353
20 38 929
20 39 400
20 40 754
20 41 796
20 42 393
20 43 427
20 44 355
20 45 370
20 46 655
20 47 684
20 48 419
20 49 568
20 50 259
20 51 264
20 52 693
20 53 238
20 54 832
20 55 678
20 56 843
20 57 910
20 58 295
20 59 406
20 60 927
20 61 366
20 62 741
20 63 327
20 64 583
20 65 776
20 66 251
20 67 559
20 68 298
20 69 661
20 70 436
20 71 245
20 72 995
20 73 401
20 74 973
20 75 914
20 76 886
20 77 679
20 78 243
20 79 272
20 80 593
20 81 475
20 82 352
20 83 306
20 84 937
20 85 346
20 86 619
20 87 530
20 88 866
20 89 464
20 90 317
20 91 331
20 92 760
20 93 667
20 94 555
20 95 997
20 96 806
20 97 735
20 98 607
20 99 413
21 1 624
21 2 734
21 3 737
21 4 992
21 5 235
21 6 922
21 7 783
21 8 386
21 9 287
21 10 907
21 11 880
21 12 920
21 13 929
21 14 610
21 15 775
21 16 503
21 17 854
21 18 478
21 19 472
21 20 572
21 22 741
21 23 657
21 24 312
21 25 438
21 26 558
21 27 374
21 28 894
21 29 523
21 30 308
21 31 794
21 32 314
21 33 455
21 34 399
21 35 638
21 36 272
21 37 768
21 38 208
21 39 450
21 40 288
21 41 747
21 42 543
21 43 657
21 44 781
21 45 519
21 46 640
21 47 937
21 48 613
21 49 800
21 50 382
21 51 386
21 52 244
21 53 753
21 54 984
21 55 676
21 56 592
21 57 962
21 58 734
21 59 441
21 60 519
21 61 894
21 62 789
21 63 713
21 64 262
21 65 309
21 66 930
21 67 708
21 68 913
21 69 301
21 70 742
21 71 204
21 72 341
21 73 567
21 74 225
21 75 336
21 76 728
21 77 232
21 78 997
21 79 400
21 80 207
21 81 358
21 82 261
21 83 794
21 84 704
21 85 593
21 86 206
21 87 210
21 88 341
21 89 283
21 90 830
21 91 355
21 92 263
21 93 243
21 94 912
21 95 952
21 96 398
21 97 249
21 98 347
21 99 539
22 1 817
22 2 569
22 3 541
22 4 866
22 5 397
22 6 566
22 7 859
22 8 903
22 9 826
22 10 683
22 11 496
22 12 997
22 13 831
22 14 485
22 15 453
22 16 789
22 17 813
22 18 737
22 19 885
22 20 765
22 21 741
22 23 671
22 24 873
22 25 380
22 26 609
22 27 949
22 28 380
22 29 767
22 30 832
22 31 935
22 32 817
22 33 332
22 34 621
22 35 956
22 36 408
22 37 319
22 38 740
22 39 211
22 40 405
22 41 863
22 42 371
22 43 661
22 44 290
22 45 364
22 46 811
22 47 567
22 48 643
22 49 780
22 50 946
22 51 250
22 52 284
22 53 411
22 54 933
22 55 799
22 56 342
22 57 229
22 58 931
22 59 567
22 60 289
22 61 701
22 62 995
22 63 585
22 64 466
22 65 697
22 66 410
22 67 999
22 68 942
22 69 557
22 70 772
22 71 404
22 72 653
22 73 863
22 74 962
22 75 769
22 76 710
22 77 937
22 78 999
22 79 433
22 80 781
22 81 444
22 82 409
22 83 753
22 84 225
22 85 498
22 86 656
22 87 587
22 88 910
22 89 892
22 90 808
22 91 792
22 92 833
22 93 345
22 94 959
22 95 721
22 96 790
22 97 349
22 98 255
22 99 509
23 1 619
23 2 976
23 3 795
23 4 588
23 5 457
23 6 743
23 7 998
23 8 965
23 9 820
23 10 381
23 11 917
23 12 499
23 13 480
23 14 960
23 15 404
23 16 282
23 17 873
23 18 672
23 19 339
23 20 222
23 21 657
23 22 671
23 24 722
23 25 431
23 26 674
23 27 331
23 28 551
23 29 363
23 30 798
23 31 275
23 32 248
23 33 805
23 34 912
23 35 549
23 36 949
23 37 533
23 38 402
23 39 461
23 40 852
23 41 444
23 42 359
23 43 427
23 44 633
23 45 204
23 46 737
23 47 406
23 48 250
23 49 380
23 50 456
23 51 334
23 52 367
23 53 314
23 54 369
23 55 408
23 56 477
23 57 831
23 58 488
23 59 482
23 60 612
23 61 563
23 62 791
23 63 642
23 64 773
23 65 657
23 66 862
23 67 342
23 68 271
23 69 702
23 70 636
23 71 823
23 72 918
23 73 241
23 74 806
23 75 315
23 76 415
23 77 929
23 78 673
23 79 829
23 80 239
23 81 352
23 82 209
23 83 598
23 84 213
23 85 745
23 86 284
23 87 459
23 88 915
23 89 553
23 90 401
23 91 209
23 92 301
23 93 801
23 94 663
23 95 578
23 96 338
23 97 567
23 98 644
23 99 385
24 1 484
24 2 914
24 3 755
24 4 892
24 5 465
24 6 310
24 7 989
24 8 465
24 9 354
24 10 985
24 11 821
24 12 585
24 13 651
24 14 995
24 15 491
24 16 479
24 17 343
24 18 599
24 19 416
24 20 952
24 21 312
24 22 873
24 23 722
24 25 280
24 26 400
24 27 554
24 28 835
24 29 917
24 30 486
24 31 845
24 32 989
24 33 613
24 34 796
24 35 753
24 36 649
24 37 262
24 38 637
24 39 390
24 40 621
24 41 679
24 42 994
24 43 521
24 44 840
24 45 346
24 46 547
24 47 359
24 48 417
24 49 449
24 50 220
24 51 516
24 52 273
24 53 535
24 54 368
24 55 690
24 56 994
24 57 890
24 58 848
24 59 591
24 60 916
24 61 353
24 62 553
24 63 857
24 64 340
24 65 663
24 66 878
24 67 820
24 68 615
24 69 467
24 70 382
24 71 731
24 72 552
24 73 532
24 74 636
24 75 573
24 76 952
24 77 201
24 78 919
24 79 691
24 80 754
24 81 676
24 82 685
24 83 907
24 84 337
24 85 720
24 86 760
24 87 930
24 88 506
24 89 754
24 90 225
24 91 560
24 92 825
24 93 882
24 94 467
24 95 700
24 96 945
24 97 215
24 98 316
24 99 532
25 1 754
25 2 262
25 3 348
25 4 613
25 5 332
25 6 510
25 7 200
25 8 683
25 9 348
25 10 614
25 11 515
25 12 908
25 13 239
25 14 601
25 15 835
25 16 303
25 17 380
25 18 389
25 19 301
25 20 221
25 21 438
25 22 380
25 23 431
25 24 280
25 26 497
25 27 728
25 28 945
25 29 361
25 30 266
25 31 646
25 32 216
25 33 353
25 34 338
25 35 836
25 36 903
25 37 683
25 38 677
25 39 567
25 40 481
25 41 924
25 42 611
25 43 758
25 44 875
25 45 267
25 46 301
25 47 557
25 48 651
25 49 794
25 50 375
25 51 957
25 52 624
25 53 785
25 54 301
25 55 518
25 56 999
25 57 231
25 58 867
25 59 603
25 60 434
25 61 474
25 62 533
25 63 204
25 64 659
25 65 208
25 66 238
25 67 997
25 68 846
25 69 871
25 70 350
25 71 297
25 72 396
25 73 889
25 74 238
25 75 579
25 76 704
25 77 418
25 78 864
25 79 834
25 80 925
25 81 612
25 82 577
25 83 393
25 84 666
25 85 370
25 86 522
25 87 477
25 88 944
25 89 376
25 90 422
25 91 893
25 92 728
25 93 475
25 94 575
25 95 958
25 96 424
25 97 373
25 98 842
25 99 810
26 1 387
26 2 994
26 3 299
26 4 630
26 5 431
26 6 370
26 7 402
26 8 588
26 9 651
26 10 799
26 11 657
26 12 745
26 13 804
26 14 983
26 15 708
26 16 786
26 17 392
26 18 549
26 19 950
26 20 675
26 21 558
26 22 609
26 23 674
26 24 400
26 25 497
26 27 302
26 28 575
26 29 750
26 30 706
26 31 848
26 32 762
26 33 311
26 34 301
26 35 792
26 36 695
26 37 652
26 38 933
26 39 636
26 40 591
26 41 522
26 42 681
26 43 744
26 44 455
26 45 953
26 46 966
26 47 266
26 48 996
26 49 293
26 50 889
26 51 843
26 52 430
26 53 256
26 54 372
26 55 574
26 56 231
26 57 587
26 58 545
26 59 552
26 60 503
26 61 396
26 62 533
26 63 367
26 64 532
26 65 562
26 66 783
26 67 429
26 68 907
26 69 607
26 70 767
26 71 375
26 72 721
26 73 371
26 74 205
26 75 226
26 76 395
26 77 960
26 78 660
26 79 663
26 80 626
26 81 842
26 82 654
26 83 547
26 84 565
26 85 573
26 86 947
26 87 320
26 88 886
26 89 783
26 90 440
26 91 712
26 92 846
26 93 347
26 94 871
26 95 448
26 96 630
26 97 990
26 98 646
26 99 583
27 1 525
27 2 759
27 3 692
27 4 600
27 5 213
27 6 846
27 7 653
27 8 315
27 9 443
27 10 691
27 11 988
27 12 855
27 13 852
27 14 507
27 15 472
27 16 391
27 17 988
27 18 413
27 19 865
27 20 591
27 21 374
27 22 949
27 23 331
27 24 554
27 25 728
27 26 302
27 28 767
27 29 383
27 30 624
27 31 376
27 32 416
27 33 771
27 34 233
27 35 564
27 36 452
27 37 248
27 38 325
27 39 858
27 40 865
27 41 229
27 42 243
27 43 935
27 44 826
27 45 958
27 46 300
27 47 471
27 48 582
27 49 622
27 50 625
27 51 783
27 52 499
27 53 460
27 54 362
27 55 253
27 56 484
27 57 643
27 58 230
27 59 880
27 60 743
27 61 332
27 62 746
27 63 814
27 64 514
27 65 657
27 66 267
27 67 942
27 68 538
27 69 898
27 70 358
27 71 332
27 72 202
27 73 323
27 74 866
27 75 222
27 76 966
27 77 790
27 78 757
27 79 260
27 80 353
27 81 724
27 82 602
27 83 518
27 84 458
27 85 290
27 86 336
27 87 511
27 88 206
27 89 633
27 90 800
27 91 662
27 92 949
27 93 886
27 94 817
27 95 461
27 96 819
27 97 805
27 98 463
27 99 349
28 1 786
28 2 203
28 3 970
28 4 420
28 5 889
28 6 808
28 7 549
28 8 630
28 9 231
28 10 817
28 11 848
28 12 936
28 13 498
28 14 894
28 15 891
28 16 537
28 17 711
28 18 262
28 19 552
28 20 570
28 21 894
28 22 380
28 23 551
28 24 835
28 25 945
28 26 575
28 27 767
28 29 535
28 30 708
28 31 593
28 32 627
28 33 546
28 34 254
28 35 407
28 36 967
28 37 740
28 38 677
28 39 859
28 40 296
28 41 643
28 42 275
28 43 450
28 44 349
28 45 395
28 46 343
28 47 379
28 48 470
28 49 774
28 50 583
28 51 764
28 52 848
28 53 774
28 54 366
28 55 888
28 56 575
28 57 395
28 58 343
28 59 261
28 60 999
28 61 359
28 62 771
28 63 406
28 64 885
28 65 239
28 66 578
28 67 743
28 68 302
28 69 439
28 70 437
28 71 294
28 72 235
28 73 228
28 74 417
28 75 776
28 76 855
28 77 832
28 78 861
28 79 882
28 80 854
28 81 261
28 82 975
28 83 380
28 84 469
28 85 834
28 86 276
28 87 666
28 88 994
28 89 983
28 90 968
28 91 263
28 92 625
28 93 253
28 94 786
28 95 713
28 96 818
28 97 221
28 98 209
28 99 297
29 1 651
29 2 706
29 3 661
29 4 631
29 5 494
29 6 374
29 7 910
29 8 623
29 9 488
29 10 659
29 11 547
29 12 524
29 13 407
29 14 838
29 15 651
29 16 750
29 17 808
29 18 382
29 19 215
29 20 409
29 21 523
29 22 767
29 23 363
29 24 917
29 25 361
29 26 750
29 27 383
29 28 535
29 30 614
29 31 740
29 32 844
29 33 971
29 34 485
29 35 643
29 36 307
29 37 749
29 38 346
29 39 344
29 40 870
29 41 462
29 42 899
29 43 762
29 44 673
29 45 536
29 46 343
29 47 555
29 48 717
29 49 477
29 50 526
29 51 457
29 52 384
29 53 619
29 54 952
29 55 955
29 56 210
29 57 779
29 58 1000
29 59 923
29 60 260
29 61 238
29 62 641
29 63 425
29 64 298
29 65 629
29 66 241
29 67 708
29 68 228
29 69 624
29 70 647
29 71 249
29 72 806
29 73 784
29 74 918
29 75 710
29 76 629
29 77 203
29 78 425
29 79 369
29 80 642
29 81 983
29 82 456
29 83 571
29 84 344
29 85 879
29 86 691
29 87 265
29 88 223
29 89 369
29 90 601
29 91 475
29 92 590
29 93 674
29 94 524
29 95 442
29 96 729
29 97 333
29 98 284
29 99 451
30 1 905
30 2 806
30 3 345
30 4 240
30 5 381
30 6 949
30 7 276
30 8 644
30 9 336
30 10 577
30 11 440
30 12 813
30 13 974
30 14 760
30 15 494
30 16 249
30 17 356
30 18 928
30 19 965
30 20 642
30 21 308
30 22 832
30 23 798
30 24 486
30 25 266
30 26 706
30 27 624
30 28 708
30 29 614
30 31 574
30 32 249
30 33 609
30 34 657
30 35 735
30 36 790
30 37 547
30 38 972
30 39 254
30 40 792
30 41 938
30 42 756
30 43 364
30 44 926
30 45 706
30 46 924
30 47 752
30 48 801
30 49 815
30 50 277
30 51 310
30 52 530
30 53 632
30 54 850
30 55 792
30 56 306
30 57 362
30 58 472
30 59 246
30 60 881
30 61 390
30 62 416
30 63 561
30 64 328
30 65 260
30 66 354
30 67 213
30 68 411
30 69 348
30 70 262
30 71 278
30 72 420
30 73 354
30 74 618
30 75 947
30 76 954
30 77 583
30 78 737
30 79 382
30 80 269
30 81 764
30 82 893
30 83 830
30 84 919
30 85 268
30 86 448
30 87 596
30 88 620
30 89 702
30 90 736
30 91 863
30 92 697
30 93 754
30 94 393
30 95 378
30 96 721
30 97 769
30 98 867
30 99 422
31 1 298
31 2 206
31 3 637
31 4 819
31 5 221
31 6 314
31 7 918
31 8 808
31 9 667
31 10 795
31 11 731
31 12 709
31 13 311
31 14 458
31 15 957
31 16 926
31 17 649
31 18 974
31 19 647
31 20 337
31 21 794
31 22 935
31 23 275
31 24 845
31 25 646
31 26 848
31 27 376
31 28 593
31 29 740
31 30 574
31 32 277
31 33 714
31 34 664
31 35 551
31 36 385
31 37 436
31 38 559
31 39 875
31 40 431
31 41 632
31 42 847
31 43 530
31 44 968
31 45 595
31 46 752
31 47 268
31 48 972
31 49 361
31 50 431
31 51 680
31 52 375
31 53 967
31 54 921
31 55 256
31 56 884
31 57 630
31 58 440
31 59 915
31 60 402
31 61 448
31 62 629
31 63 596
31 64 257
31 65 672
31 66 229
31 67 639
31 68 579
31 69 426
31 70 330
31 71 685
31 72 875
31 73 384
31 74 692
31 75 984
31 76 649
31 77 215
31 78 207
31 79 641
31 80 904
31 81 417
31 82 881
31 83 394
31 84 947
31 85 432
31 86 709
31 87 896
31 88 303
31 89 600
31 90 329
31 91 400
31 92 414
31 93 608
31 94 520
31 95 304
31 96 522
31 97 815
31 98 442
31 99 784
32 1 445
32 2 886
32 3 381
32 4 497
32 5 570
32 6 260
32 7 637
32 8 627
32 9 815
32 10 845
32 11 449
32 12 439
32 13 806
32 14 287
32 15 354
32 16 632
32 17 866
32 18 412
32 19 459
32 20 802
32 21 314
32 22 817
32 23 248
32 24 989
32 25 216
32 26 762
32 27 416
32 28 627
32 29 844
32 30 249
32 31 277
32 33 797
32 34 698
32 35 854
32 36 563
32 37 420
32 38 959
32 39 988
32 40 222
32 41 849
32 42 982
32 43 804
32 44 416
32 45 580
32 46 214
32 47 286
32 48 581
32 49 627
32 50 836
32 51 271
32 52 292
32 53 818
32 54 768
32 55 422
32 56 878
32 57 349
32 58 249
32 59 569
32 60 216
32 61 902
32 62 492
32 63 752
32 64 480
32 65 559
32 66 475
32 67 313
32 68 311
32 69 377
32 70 746
32 71 732
32 72 446
32 73 855
32 74 591
32 75 730
32 76 586
32 77 286
32 78 735
32 79 328
32 80 741
32 81 269
32 82 827
32 83 262
32 84 410
32 85 984
32 86 618
32 87 429
32 88 498
32 89 733
32 90 661
32 91 996
32 92 216
32 93 574
32 94 828
32 95 590
32 96 371
32 97 252
32 98 540
32 99 667
33 1 842
33 2 318
33 3 918
33 4 541
33 5 555
33 6 348
33 7 493
33 8 207
33 9 616
33 10 929
33 11 510
33 12 596
33 13 431
33 14 917
33 15 743
33 16 987
33 17 746
33 18 798
33 19 497
33 20 625
33 21 455
33 22 332
33 23 805
33 24 613
33 25 353
33 26 311
33 27 771
33 28 546
33 29 971
33 30 609
33 31 714
33 32 797
33 34 828
33 35 788
33 36 368
33 37 633
33 38 698
33 39 694
33 40 709
33 41 357
33 42 425
33 43 803
33 44 414
33 45 923
33 46 604
33 47 479
33 48 416
33 49 486
33 50 793
33 51 570
33 52 894
33 53 270
33 54 265
33 55 779
33 56 465
33 57 776
33 58 744
33 59 762
33 60 650
33 61 395
33 62 475
33 63 795
33 64 783
33 65 950
33 66 753
33 67 819
33 68 955
33 69 615
33 70 217
33 71 771
33 72 639
33 73 862
33 74 653
33 75 344
33 76 267
33 77 950
33 78 972
33 79 665
33 80 653
33 81 582
33 82 746
33 83 291
33 84 298
33 85 840
33 86 986
33 87 565
33 88 442
33 89 345
33 90 679
33 91 606
33 92 722
33 93 821
33 94 303
33 95 313
33 96 282
33 97 635
33 98 913
33 99 953
34 1 967
34 2 395
34 3 872
34 4 334
34 5 395
34 6 567
34 7 644
34 8 516
34 9 479
34 10 258
34 11 618
34 12 273
34 13 851
34 14 772
34 15 940
34 16 951
34 17 664
34 18 993
34 19 719
34 20 851
34 21 399
34 22 621
34 23 912
34 24 796
34 25 338
34 26 301
34 27 233
34 28 254
34 29 485
34 30 657
34 31 664
34 32 698
34 33 828
34 35 639
34 36 374
34 37 615
34 38 614
34 39 787
34 40 640
34 41 841
34 42 873
34 43 513
34 44 737
34 45 898
34 46 894
34 47 249
34 48 323
34 49 931
34 50 445
34 51 260
34 52 847
34 53 937
34 54 489
34 55 900
34 56 476
34 57 811
34 58 466
34 59 801
34 60 349
34 61 313
34 62 528
34 63 382
34 64 999
34 65 357
34 66 777
34 67 546
34 68 461
34 69 799
34 70 373
34 71 583
34 72 794
34 73 296
34 74 567
34 75 540
34 76 752
34 77 245
34 78 511
34 79 624
34 80 380
34 81 730
34 82 658
34 83 822
34 84 833
34 85 221
34 86 955
34 87 866
34 88 745
34 89 391
34 90 276
34 91 408
34 92 984
34 93 745
34 94 453
34 95 465
34 96 340
34 97 572
34 98 977
34 99 930
35 1 762
35 2 352
35 3 532
35 4 232
35 5 593
35 6 737
35 7 277
35 8 716
35 9 300
35 10 628
35 11 289
35 12 263
35 13 308
35 14 310
35 15 393
35 16 493
35 17 645
35 18 369
35 19 584
35 20 680
35 21 638
35 22 956
35 23 549
35 24 753
35 25 836
35 26 792
35 27 564
35 28 407
35 29 643
35 30 735
35 31 551
35 32 854
35 33 788
35 34 639
35 36 695
35 37 810
35 38 814
35 39 971
35 40 847
35 41 696
35 42 801
35 43 628
35 44 581
35 45 787
35 46 366
35 47 965
35 48 914
35 49 550
35 50 381
35 51 829
35 52 728
35 53 687
35 54 711
35 55 553
35 56 316
35 57 858
35 58 375
35 59 966
35 60 234
35 61 495
35 62 830
35 63 827
35 64 260
35 65 526
35 66 436
35 67 291
35 68 770
35 69 618
35 70 563
35 71 739
35 72 440
35 73 554
35 74 916
35 75 1000
35 76 881
35 77 930
35 78 672
35 79 810
35 80 765
35 81 452
35 82 449
35 83 283
35 84 898
35 85 717
35 86 573
35 87 903
35 88 974
35 89 204
35 90 230
35 91 808
35 92 776
35 93 848
35 94 743
35 95 686
35 96 565
35 97 896
35 98 988
35 99 900
36 1 809
36 2 922
36 3 370
36 4 908
36 5 924
36 6 862
36 7 366
36 8 973
36 9 363
36 10 475
36 11 877
36 12 460
36 13 636
36 14 345
36 15 291
36 16 366
36 17 598
36 18 440
36 19 561
36 20 206
36 21 272
36 22 408
36 23 949
36 24 649
36 25 903
36 26 695
36 27 452
36 28 967
36 29 307
36 30 790
36 31 385
36 32 563
36 33 368
36 34 374
36 35 695
36 37 712
36 38 393
36 39 237
36 40 820
36 41 445
36 42 859
36 43 730
36 44 782
36 45 259
36 46 612
36 47 464
36 48 718
36 49 551
36 50 414
36 51 562
36 52 695
36 53 971
36 54 337
36 55 807
36 56 304
36 57 217
36 58 791
36 59 564
36 60 679
36 61 736
36 62 838
36 63 791
36 64 466
36 65 920
36 66 235
36 67 807
36 68 771
36 69 326
36 70 284
36 71 758
36 72 427
36 73 579
36 74 596
36 75 217
36 76 563
36 77 855
36 78 883
36 79 256
36 80 216
36 81 287
36 82 894
36 83 504
36 84 839
36 85 997
36 86 787
36 87 599
36 88 520
36 89 693
36 90 221
36 91 790
36 92 688
36 93 799
36 94 945
36 95 707
36 96 577
36 97 483
36 98 366
36 99 244
37 1 633
37 2 836
37 3 268
37 4 301
37 5 735
37 6 278
37 7 475
37 8 282
37 9 371
37 10 488
37 11 781
37 12 840
37 13 259
37 14 738
37 15 553
37 16 490
37 17 761
37 18 256
37 19 882
37 20 353
37 21 768
37 22 319
37 23 533
37 24 262
37 25 683
37 26 652
37 27 248
37 28 740
37 29 749
37 30 547
37 31 436
37 32 420
37 33 633
37 34 615
37 35 810
37 36 712
37 38 940
37 39 845
37 40 751
37 41 582
37 42 202
37 43 848
37 44 701
37 45 568
37 46 992
37 47 234
37 48 283
37 49 626
37 50 755
37 51 594
37 52 981
37 53 596
37 54 795
37 55 688
37 56 415
37 57 271
37 58 244
37 59 965
37 60 902
37 61 462
37 62 433
37 63 612
37 64 257
37 65 644
37 66 334
37 67 713
37 68 898
37 69 205
37 70 850
37 71 810
37 72 803
37 73 309
37 74 903
37 75 929
37 76 741
37 77 507
37 78 408
37 79 288
37 80 686
37 81 682
37 82 867
37 83 331
37 84 289
37 85 521
37 86 329
37 87 667
37 88 442
37 89 295
37 90 578
37 91 765
37 92 580
37 93 344
37 94 221
37 95 322
37 96 235
37 97 554
37 98 460
37 99 932
38 1 550
38 2 923
38 3 399
38 4 760
38 5 685
38 6 820
38 7 791
38 8 245
38 9 825
38 10 738
38 11 532
38 12 356
38 13 286
38 14 836
38 15 579
38 16 235
38 17 896
38 18 280
38 19 583
38 20 929
38 21 208
38 22 740
38 23 402
38 24 637
38 25 677
38 26 933
38 27 325
38 28 677
38 29 346
38 30 972
38 31 559
38 32 959
38 33 698
38 34 614
38 35 814
38 36 393
38 37 940
38 39 934
38 40 519
38 41 213
38 42 498
38 43 671
38 44 534
38 45 878
38 46 668
38 47 476
38 48 906
38 49 960
38 50 299
38 51 595
38 52 335
38 53 794
38 54 417
38 55 654
38 56 723
38 57 280
38 58 356
38 59 705
38 60 602
38 61 544
38 62 745
38 63 741
38 64 409
38 65 555
38 66 948
38 67 972
38 68 502
38 69 549
38 70 326
38 71 672
38 72 822
38 73 960
38 74 356
38 75 417
38 76 314
38 77 927
38 78 660
38 79 950
38 80 697
38 81 577
38 82 669
38 83 271
38 84 667
38 85 590
38 86 623
38 87 926
38 88 760
38 89 686
38 90 926
38 91 517
38 92 741
38 93 931
38 94 424
38 95 569
38 96 546
38 97 874
38 98 465
38 99 662
39 1 902
39 2 735
39 3 377
39 4 375
39 5 722
39 6 924
39 7 409
39 8 391
39 9 760
39 10 622
39 11 849
39 12 878
39 13 899
39 14 417
39 15 617
39 16 913
39 17 769
39 18 591
39 19 700
39 20 400
39 21 450
39 22 211
39 23 461
39 24 390
39 25 567
39 26 636
39 27 858
39 28 859
39 29 344
39 30 254
39 31 875
39 32 988
39 33 694
39 34 787
39 35 971
39 36 237
39 37 845
39 38 934
39 40 378
39 41 500
39 42 272
39 43 416
39 44 578
39 45 608
39 46 256
39 47 694
39 48 688
39 49 807
39 50 755
39 51 315
39 52 593
39 53 435
39 54 466
39 55 764
39 56 595
39 57 246
39 58 886
39 59 488
39 60 778
39 61 796
39 62 692
39 63 600
39 64 824
39 65 472
39 66 338
39 67 557
39 68 836
39 69 905
39 70 421
39 71 253
39 72 798
39 73 944
39 74 594
39 75 517
39 76 254
39 77 454
39 78 351
39 79 859
39 80 812
39 81 779
39 82 366
39 83 718
39 84 397
39 85 328
39 86 850
39 87 638
39 88 747
39 89 940
39 90 893
39 91 488
39 92 613
39 93 392
39 94 834
39 95 778
39 96 375
39 97 291
39 98 413
39 99 551
40 1 510
40 2 807
40 3 836
40 4 289
40 5 233
40 6 813
40 7 229
40 8 739
40 9 551
40 10 494
40 11 524
40 12 758
40 13 259
40 14 423
40 15 320
40 16 576
40 17 505
40 18 760
40 19 547
40 20 754
40 21 288
40 22 405
40 23 852
40 24 621
40 25 481
40 26 591
40 27 865
40 28 296
40 29 870
40 30 792
40 31 431
40 32 222
40 33 709
40 34 640
40 35 847
40 36 820
40 37 751
40 38 519
40 39 378
40 41 965
40 42 680
40 43 209
40 44 825
40 45 373
40 46 466
40 47 282
40 48 392
40 49 714
40 50 503
40 51 707
40 52 359
40 53 942
40 54 641
40 55 769
40 56 903
40 57 892
40 58 409
40 59 585
40 60 583
40 61 605
40 62 892
40 63 249
40 64 628
40 65 741
40 66 834
40 67 947
40 68 647
40 69 920
40 70 540
40 71 538
40 72 869
40 73 450
40 74 935
40 75 940
40 76 263
40 77 326
40 78 253
40 79 333
40 80 753
40 81 930
40 82 718
40 83 633
40 84 467
40 85 232
40 86 368
40 87 704
40 88 319
40 89 638
40 90 871
40 91 570
40 92 264
40 93 527
40 94 818
40 95 977
40 96 984
40 97 281
40 98 763
40 99 432
41 1 760
41 2 214
41 3 889
41 4 298
41 5 808
41 6 649
41 7 275
41 8 655
41 9 697
41 10 985
41 11 499
41 12 416
41 13 411
41 14 751
41 15 291
41 16 681
41 17 632
41 18 213
41 19 858
41 20 796
41 21 747
41 22 863
41 23 444
41 24 679
41 25 924
41 26 522
41 27 229
41 28 643
41 29 462
41 30 938
41 31 632
41 32 849
41 33 357
41 34 841
41 35 696
41 36 445
41 37 582
41 38 213
41 39 500
41 40 965
41 42 434
41 43 431
41 44 524
41 45 720
41 46 359
41 47 814
41 48 817
41 49 533
41 50 315
41 51 986
41 52 590
41 53 821
41 54 476
41 55 626
41 56 775
41 57 979
41 58 433
41 59 900
41 60 576
41 61 678
41 62 835
41 63 549
41 64 926
41 65 333
41 66 258
41 67 801
41 68 562
41 69 245
41 70 861
41 71 851
41 72 715
41 73 505
41 74 526
41 75 954
41 76 368
41 77 551
41 78 808
41 79 947
41 80 539
41 81 959
41 82 572
41 83 584
41 84 608
41 85 707
41 86 440
41 87 811
41 88 956
41 89 888
41 90 893
41 91 433
41 92 210
41 93 640
41 94 237
41 95 461
41 96 700
41 97 779
41 98 677
41 99 942
42 1 825
42 2 664
42 3 772
42 4 675
42 5 798
42 6 976
42 7 965
42 8 387
42 9 376
42 10 670
42 11 386
42 12 874
42 13 615
42 14 321
42 15 240
42 16 775
42 17 514
42 18 269
