s 1 507
s 2 642
s 3 677
s 4 922
s 5 771
s 6 772
s 7 669
s 8 726
s 9 896
s 10 569
s 11 593
s 12 885
s 13 655
s 14 853
s 15 656
s 16 805
s 17 780
s 18 879
s 19 959
s 20 521
s 21 986
s 22 870
s 23 815
s 24 683
s 25 671
s 26 594
s 27 848
s 28 925
s 29 585
s 30 900
s 31 604
s 32 812
s 33 971
s 34 761
s 35 809
s 36 585
s 37 814
s 38 830
s 39 855
s 40 579
s 41 924
s 42 860
s 43 509
s 44 529
s 45 961
s 46 810
s 47 540
s 48 631
s 49 545
s 50 645
s 51 667
s 52 566
s 53 770
s 54 500
s 55 758
s 56 709
s 57 559
s 58 644
s 59 645
s 60 834
s 61 564
s 62 704
s 63 608
s 64 996
s 65 930
s 66 762
s 67 604
s 68 524
s 69 527
s 70 932
s 71 969
s 72 903
s 73 810
s 74 918
s 75 847
s 76 609
s 77 873
s 78 954
s 79 571
s 80 906
s 81 995
s 82 875
s 83 913
s 84 755
s 85 839
s 86 700
s 87 913
s 88 967
s 89 792
s 90 635
s 91 723
s 92 983
s 93 942
s 94 882
s 95 570
s 96 846
s 97 631
s 98 938
s 99 996
1 2 799
1 3 533
1 4 765
1 5 618
1 6 658
1 7 575
1 8 547
1 9 700
1 10 868
1 11 894
1 12 816
1 13 781
1 14 517
1 15 916
1 16 899
1 17 553
1 18 530
1 19 679
1 20 740
1 21 605
1 22 944
1 23 935
1 24 880
1 25 606
1 26 792
1 27 630
1 28 512
1 29 770
1 30 661
1 31 512
1 32 789
1 33 744
1 34 695
1 35 891
1 36 826
1 37 994
1 38 640
1 39 797
1 40 691
1 41 591
1 42 766
1 43 555
1 44 928
1 45 654
1 46 529
1 47 957
1 48 693
1 49 682
1 50 884
1 51 524
1 52 699
1 53 829
1 54 541
1 55 754
1 56 626
1 57 659
1 58 788
1 59 732
1 60 658
1 61 763
1 62 726
1 63 587
1 64 856
1 65 881
1 66 575
1 67 815
1 68 899
1 69 722
1 70 989
1 71 506
1 72 763
1 73 568
1 74 768
1 75 732
1 76 905
1 77 707
1 78 576
1 79 941
1 80 893
1 81 815
1 82 505
1 83 835
1 84 931
1 85 658
1 86 911
1 87 688
1 88 894
1 89 922
1 90 571
1 91 901
1 92 682
1 93 1000
1 94 651
1 95 924
1 96 995
1 97 861
1 98 889
1 99 504
2 1 799
2 3 994
2 4 736
2 5 879
2 6 637
2 7 537
2 8 910
2 9 820
2 10 697
2 11 734
2 12 752
2 13 961
2 14 710
2 15 912
2 16 662
2 17 683
2 18 856
2 19 944
2 20 505
2 21 564
2 22 651
2 23 694
2 24 848
2 25 574
2 26 996
2 27 768
2 28 914
2 29 791
2 30 919
2 31 579
2 32 806
2 33 715
2 34 906
2 35 749
2 36 837
2 37 561
2 38 885
2 39 713
2 40 583
2 41 891
2 42 550
2 43 593
2 44 506
2 45 638
2 46 726
2 47 975
2 48 996
2 49 803
2 50 748
2 51 659
2 52 868
2 53 829
2 54 619
2 55 961
2 56 864
2 57 955
2 58 952
2 59 849
2 60 925
2 61 535
2 62 953
2 63 692
2 64 687
2 65 758
2 66 831
2 67 532
2 68 779
2 69 801
2 70 632
2 71 740
2 72 539
2 73 749
2 74 643
2 75 624
2 76 620
2 77 626
2 78 904
2 79 501
2 80 809
2 81 839
2 82 875
2 83 600
2 84 659
2 85 835
2 86 537
2 87 568
2 88 598
2 89 756
2 90 915
2 91 981
2 92 905
2 93 642
2 94 795
2 95 950
2 96 609
2 97 615
2 98 808
2 99 535
3 1 533
3 2 994
3 4 505
3 5 906
3 6 996
3 7 837
3 8 781
3 9 806
3 10 624
3 11 502
3 12 769
3 13 783
3 14 774
3 15 928
3 16 633
3 17 700
3 18 823
3 19 696
3 20 526
3 21 595
3 22 952
3 23 619
3 24 907
3 25 961
3 26 858
3 27 880
3 28 574
3 29 741
3 30 663
3 31 858
3 32 543
3 33 728
3 34 729
3 35 542
3 36 686
3 37 921
3 38 724
3 39 540
3 40 518
3 41 648
3 42 745
3 43 925
3 44 961
3 45 801
3 46 844
3 47 593
3 48 592
3 49 571
3 50 888
3 51 768
3 52 500
3 53 877
3 54 519
3 55 541
3 56 591
3 57 559
3 58 965
3 59 930
3 60 607
3 61 598
3 62 531
3 63 513
3 64 896
3 65 637
3 66 771
3 67 941
3 68 910
3 69 671
3 70 977
3 71 655
3 72 833
3 73 668
3 74 516
3 75 927
3 76 641
3 77 554
3 78 997
3 79 568
3 80 888
3 81 842
3 82 792
3 83 627
3 84 630
3 85 648
3 86 505
3 87 683
3 88 892
3 89 505
3 90 727
3 91 560
3 92 651
3 93 549
3 94 825
3 95 600
3 96 780
3 97 658
3 98 603
3 99 658
4 1 765
4 2 736
4 3 505
4 5 661
4 6 954
4 7 655
4 8 530
4 9 679
4 10 644
4 11 627
4 12 854
4 13 506
4 14 885
4 15 658
4 16 578
4 17 768
4 18 806
4 19 824
4 20 869
4 21 720
4 22 835
4 23 602
4 24 511
4 25 936
4 26 697
4 27 595
4 28 865
4 29 822
4 30 978
4 31 903
4 32 996
4 33 635
4 34 827
4 35 593
4 36 870
4 37 710
4 38 560
4 39 912
4 40 951
4 41 670
4 42 637
4 43 987
4 44 673
4 45 859
4 46 526
4 47 726
4 48 842
4 49 690
4 50 934
4 51 994
4 52 524
4 53 535
4 54 645
4 55 764
4 56 781
4 57 725
4 58 599
4 59 807
4 60 851
4 61 856
4 62 663
4 63 901
4 64 642
4 65 536
4 66 572
4 67 851
4 68 848
4 69 547
4 70 757
4 71 690
4 72 866
4 73 678
4 74 617
4 75 750
4 76 924
4 77 938
4 78 708
4 79 742
4 80 502
4 81 955
4 82 913
4 83 874
4 84 881
4 85 584
4 86 938
4 87 878
4 88 819
4 89 786
4 90 616
4 91 525
4 92 659
4 93 746
4 94 952
4 95 586
4 96 822
4 97 586
4 98 631
4 99 981
5 1 618
5 2 879
5 3 906
5 4 661
5 6 836
5 7 950
5 8 786
5 9 698
5 10 749
5 11 955
5 12 648
5 13 717
5 14 510
5 15 789
5 16 897
5 17 860
5 18 502
5 19 507
5 20 520
5 21 919
5 22 703
5 23 684
5 24 943
5 25 929
5 26 506
5 27 907
5 28 884
5 29 914
5 30 691
5 31 773
5 32 815
5 33 879
5 34 653
5 35 794
5 36 930
5 37 658
5 38 571
5 39 630
5 40 851
5 41 661
5 42 768
5 43 609
5 44 516
5 45 757
5 46 648
5 47 841
5 48 945
5 49 531
5 50 772
5 51 528
5 52 754
5 53 988
5 54 851
5 55 543
5 56 757
5 57 761
5 58 661
5 59 765
5 60 556
5 61 534
5 62 929
5 63 530
5 64 939
5 65 599
5 66 503
5 67 998
5 68 735
5 69 724
5 70 852
5 71 502
5 72 618
5 73 502
5 74 615
5 75 818
5 76 728
5 77 564
5 78 640
5 79 802
5 80 908
5 81 760
5 82 866
5 83 874
5 84 555
5 85 602
5 86 782
5 87 892
5 88 672
5 89 835
5 90 839
5 91 882
5 92 731
5 93 653
5 94 909
5 95 831
5 96 724
5 97 636
5 98 888
5 99 771
6 1 658
6 2 637
6 3 996
6 4 954
6 5 836
6 7 988
6 8 556
6 9 964
6 10 760
6 11 965
6 12 567
6 13 617
6 14 917
6 15 675
6 16 693
6 17 561
6 18 987
6 19 531
6 20 566
6 21 679
6 22 838
6 23 784
6 24 643
6 25 736
6 26 675
6 27 807
6 28 812
6 29 800
6 30 731
6 31 917
6 32 875
6 33 676
6 34 631
6 35 573
6 36 600
6 37 523
6 38 654
6 39 936
6 40 951
6 41 678
6 42 608
6 43 983
6 44 517
6 45 523
6 46 953
6 47 642
6 48 680
6 49 513
6 50 725
6 51 843
6 52 755
6 53 854
6 54 761
6 55 799
6 56 810
6 57 787
6 58 712
6 59 578
6 60 908
6 61 645
6 62 678
6 63 868
6 64 966
6 65 870
6 66 810
6 67 827
6 68 885
6 69 618
6 70 598
6 71 943
6 72 579
6 73 609
6 74 772
6 75 947
6 76 504
6 77 577
6 78 882
6 79 768
6 80 974
6 81 551
6 82 690
6 83 969
6 84 650
6 85 748
6 86 707
6 87 500
6 88 712
6 89 817
6 90 975
6 91 684
6 92 834
6 93 605
6 94 821
6 95 937
6 96 962
6 97 776
6 98 985
6 99 987
7 1 575
7 2 537
7 3 837
7 4 655
7 5 950
7 6 988
7 8 731
7 9 573
7 10 981
7 11 826
7 12 659
7 13 617
7 14 940
7 15 863
7 16 533
7 17 512
7 18 985
7 19 583
7 20 897
7 21 924
7 22 826
7 23 801
7 24 665
7 25 619
7 26 994
7 27 530
7 28 540
7 29 860
7 30 827
7 31 972
7 32 700
7 33 506
7 34 887
7 35 850
7 36 994
7 37 521
7 38 674
7 39 847
7 40 922
7 41 908
7 42 587
7 43 904
7 44 973
7 45 859
7 46 724
7 47 927
7 48 862
7 49 816
7 50 904
7 51 507
7 52 957
7 53 748
7 54 690
7 55 870
7 56 796
7 57 613
7 58 530
7 59 654
7 60 848
7 61 648
7 62 626
7 63 527
7 64 569
7 65 639
7 66 824
7 67 698
7 68 885
7 69 756
7 70 742
7 71 898
7 72 514
7 73 848
7 74 681
7 75 548
7 76 847
7 77 854
7 78 527
7 79 797
7 80 567
7 81 687
7 82 675
7 83 927
7 84 697
7 85 959
7 86 629
7 87 823
7 88 701
7 89 971
7 90 759
7 91 806
7 92 613
7 93 737
7 94 785
7 95 947
7 96 957
7 97 820
7 98 668
7 99 607
8 1 547
8 2 910
8 3 781
8 4 530
8 5 786
8 6 556
8 7 731
8 9 732
8 10 687
8 11 711
8 12 661
8 13 936
8 14 912
8 15 775
8 16 693
8 17 969
8 18 966
8 19 966
8 20 590
8 21 903
8 22 503
8 23 616
8 24 956
8 25 827
8 26 738
8 27 891
8 28 858
8 29 746
8 30 758
8 31 660
8 32 563
8 33 982
8 34 849
8 35 677
8 36 788
8 37 694
8 38 571
8 39 614
8 40 920
8 41 740
8 42 638
8 43 567
8 44 770
8 45 843
8 46 885
8 47 978
8 48 864
8 49 680
8 50 639
8 51 692
8 52 646
8 53 825
8 54 996
8 55 696
8 56 560
8 57 741
8 58 964
8 59 799
8 60 541
8 61 598
8 62 616
8 63 879
8 64 787
8 65 517
8 66 563
8 67 794
8 68 710
8 69 781
8 70 765
8 71 605
8 72 500
8 73 537
8 74 946
8 75 726
8 76 991
8 77 642
8 78 786
8 79 575
8 80 668
8 81 605
8 82 798
8 83 749
8 84 754
8 85 829
8 86 904
8 87 794
8 88 866
8 89 750
8 90 587
8 91 628
8 92 776
8 93 793
8 94 509
8 95 871
8 96 709
8 97 604
8 98 690
8 99 960
9 1 700
9 2 820
9 3 806
9 4 679
9 5 698
9 6 964
9 7 573
9 8 732
9 10 569
9 11 600
9 12 637
9 13 644
9 14 835
9 15 764
9 16 861
9 17 981
9 18 518
9 19 745
9 20 739
9 21 645
9 22 530
9 23 735
9 24 765
9 25 840
9 26 699
9 27 682
9 28 858
9 29 676
9 30 529
9 31 714
9 32 607
9 33 806
9 34 936
9 35 618
9 36 723
9 37 696
9 38 898
9 39 885
9 40 763
9 41 561
9 42 669
9 43 593
9 44 774
9 45 854
9 46 739
9 47 639
9 48 832
9 49 575
9 50 655
9 51 971
9 52 602
9 53 702
9 54 898
9 55 881
9 56 832
9 57 893
9 58 975
9 59 720
9 60 758
9 61 592
9 62 857
9 63 901
9 64 665
9 65 776
9 66 678
9 67 936
9 68 894
9 69 859
9 70 941
9 71 604
9 72 731
9 73 600
9 74 505
9 75 551
9 76 682
9 77 507
9 78 619
9 79 785
9 80 501
9 81 554
9 82 812
9 83 982
9 84 705
9 85 846
9 86 726
9 87 551
9 88 602
9 89 775
9 90 836
9 91 543
9 92 585
9 93 862
9 94 707
9 95 981
9 96 747
9 97 954
9 98 615
9 99 604
10 1 868
10 2 697
10 3 624
10 4 644
10 5 749
10 6 760
10 7 981
10 8 687
10 9 569
10 11 778
10 12 987
10 13 766
10 14 972
10 15 978
10 16 719
10 17 881
10 18 654
10 19 868
10 20 594
10 21 847
10 22 523
10 23 840
10 24 723
10 25 873
10 26 564
10 27 885
10 28 932
10 29 627
10 30 969
10 31 989
10 32 800
10 33 510
10 34 761
10 35 746
10 36 831
10 37 885
10 38 757
10 39 538
10 40 630
10 41 689
10 42 826
10 43 785
10 44 844
10 45 671
10 46 934
10 47 812
10 48 847
10 49 757
10 50 582
10 51 995
10 52 557
10 53 900
10 54 730
10 55 539
10 56 629
10 57 891
10 58 968
10 59 858
10 60 792
10 61 827
10 62 752
10 63 718
10 64 876
10 65 506
10 66 685
10 67 851
10 68 805
10 69 832
10 70 534
10 71 843
10 72 667
10 73 677
10 74 584
10 75 771
10 76 695
10 77 995
10 78 986
10 79 556
10 80 788
10 81 775
10 82 899
10 83 522
10 84 585
10 85 924
10 86 840
10 87 982
10 88 895
10 89 884
10 90 587
10 91 910
10 92 916
10 93 553
10 94 726
10 95 764
10 96 987
10 97 823
10 98 516
10 99 995
11 1 894
11 2 734
11 3 502
11 4 627
11 5 955
11 6 965
11 7 826
11 8 711
11 9 600
11 10 778
11 12 603
11 13 794
11 14 970
11 15 686
11 16 902
11 17 869
11 18 781
11 19 849
11 20 957
11 21 967
11 22 846
11 23 565
11 24 944
11 25 738
11 26 503
11 27 713
11 28 589
11 29 530
11 30 709
11 31 741
11 32 859
11 33 731
11 34 716
11 35 656
11 36 980
11 37 953
11 38 947
11 39 777
11 40 779
11 41 758
11 42 740
11 43 749
11 44 617
11 45 810
11 46 547
11 47 709
11 48 871
11 49 878
11 50 688
11 51 937
11 52 745
11 53 744
11 54 719
11 55 616
11 56 973
11 57 732
11 58 593
11 59 852
11 60 971
11 61 1000
11 62 880
11 63 674
11 64 522
11 65 649
11 66 866
11 67 856
11 68 560
11 69 693
11 70 536
11 71 687
11 72 968
11 73 639
11 74 546
11 75 656
11 76 949
11 77 908
11 78 558
11 79 515
11 80 974
11 81 661
11 82 867
11 83 590
11 84 940
11 85 620
11 86 657
11 87 1000
11 88 834
11 89 741
11 90 715
11 91 562
11 92 580
11 93 996
11 94 656
11 95 784
11 96 832
11 97 767
11 98 908
11 99 599
12 1 816
12 2 752
12 3 769
12 4 854
12 5 648
12 6 567
12 7 659
12 8 661
12 9 637
12 10 987
12 11 603
12 13 711
12 14 602
12 15 509
12 16 550
12 17 909
12 18 598
12 19 928
12 20 909
12 21 812
12 22 615
12 23 948
12 24 805
12 25 693
12 26 864
12 27 894
12 28 812
12 29 647
12 30 879
12 31 990
12 32 920
12 33 512
12 34 668
12 35 546
12 36 870
12 37 952
12 38 677
12 39 630
12 40 676
12 41 514
12 42 826
12 43 813
12 44 985
12 45 963
12 46 511
12 47 945
12 48 577
12 49 676
12 50 841
12 51 814
12 52 555
12 53 813
12 54 956
12 55 903
12 56 946
12 57 520
12 58 675
12 59 548
12 60 669
12 61 672
12 62 858
12 63 619
12 64 916
12 65 652
12 66 805
12 67 559
12 68 605
12 69 753
12 70 822
12 71 765
12 72 762
12 73 981
12 74 912
12 75 690
12 76 963
12 77 695
12 78 592
12 79 849
12 80 922
12 81 827
12 82 647
12 83 890
12 84 647
12 85 922
12 86 979
12 87 576
12 88 606
12 89 694
12 90 727
12 91 824
12 92 598
12 93 664
12 94 664
12 95 893
12 96 802
12 97 592
12 98 733
12 99 625
13 1 781
13 2 961
13 3 783
13 4 506
13 5 717
13 6 617
13 7 617
13 8 936
13 9 644
13 10 766
13 11 794
13 12 711
13 14 537
13 15 996
13 16 593
13 17 628
13 18 593
13 19 573
13 20 855
13 21 683
13 22 904
13 23 675
13 24 919
13 25 630
13 26 611
13 27 950
13 28 903
13 29 926
13 30 888
13 31 866
13 32 546
13 33 800
13 34 549
13 35 886
13 36 752
13 37 880
13 38 810
13 39 750
13 40 560
13 41 568
13 42 868
13 43 561
13 44 935
13 45 763
13 46 613
13 47 703
13 48 574
13 49 508
13 50 686
13 51 576
13 52 655
13 53 632
13 54 832
13 55 708
13 56 548
13 57 779
13 58 771
13 59 862
13 60 864
13 61 576
13 62 727
13 63 960
13 64 896
13 65 914
13 66 771
13 67 938
13 68 838
13 69 841
13 70 848
13 71 822
13 72 538
13 73 617
13 74 911
13 75 567
13 76 798
13 77 600
13 78 662
13 79 867
13 80 945
13 81 629
13 82 698
13 83 605
13 84 569
13 85 891
13 86 893
13 87 999
13 88 788
13 89 657
13 90 974
13 91 850
13 92 909
13 93 662
13 94 733
13 95 842
13 96 958
13 97 595
13 98 514
13 99 565
14 1 517
14 2 710
14 3 774
14 4 885
14 5 510
14 6 917
14 7 940
14 8 912
14 9 835
14 10 972
14 11 970
14 12 602
14 13 537
14 15 611
14 16 526
14 17 512
14 18 874
14 19 555
14 20 893
14 21 695
14 22 880
14 23 623
14 24 684
14 25 963
14 26 818
14 27 671
14 28 727
14 29 620
14 30 511
14 31 967
14 32 903
14 33 965
14 34 818
14 35 996
14 36 714
14 37 639
14 38 579
14 39 837
14 40 679
14 41 885
14 42 672
14 43 960
14 44 583
14 45 640
14 46 611
14 47 802
14 48 752
14 49 947
14 50 933
14 51 942
14 52 836
14 53 786
14 54 755
14 55 753
14 56 797
14 57 800
14 58 697
14 59 837
14 60 824
14 61 556
14 62 904
14 63 872
14 64 887
14 65 780
14 66 896
14 67 811
14 68 586
14 69 801
14 70 516
14 71 605
14 72 818
14 73 645
14 74 958
14 75 755
14 76 604
14 77 901
14 78 741
14 79 779
14 80 601
14 81 823
14 82 813
14 83 998
14 84 836
14 85 590
14 86 759
14 87 942
14 88 850
14 89 595
14 90 529
14 91 748
14 92 1000
14 93 554
14 94 923
14 95 506
14 96 833
14 97 936
14 98 655
14 99 701
15 1 916
15 2 912
15 3 928
15 4 658
15 5 789
15 6 675
15 7 863
15 8 775
15 9 764
15 10 978
15 11 686
15 12 509
15 13 996
15 14 611
15 16 882
15 17 692
15 18 548
15 19 882
15 20 657
15 21 708
15 22 616
15 23 738
15 24 967
15 25 783
15 26 972
15 27 908
15 28 511
15 29 934
15 30 975
15 31 719
15 32 633
15 33 708
15 34 536
15 35 878
15 36 795
15 37 792
15 38 666
15 39 918
15 40 660
15 41 721
15 42 665
15 43 503
15 44 838
15 45 894
15 46 639
15 47 900
15 48 590
15 49 936
15 50 596
15 51 539
15 52 901
15 53 777
15 54 894
15 55 685
15 56 873
15 57 753
15 58 867
15 59 886
15 60 799
15 61 666
15 62 926
15 63 524
15 64 841
15 65 532
15 66 966
15 67 924
15 68 596
15 69 567
15 70 618
15 71 585
15 72 592
15 73 656
15 74 595
15 75 667
15 76 745
15 77 880
15 78 530
15 79 902
15 80 903
15 81 537
15 82 684
15 83 705
15 84 544
15 85 534
15 86 542
15 87 717
15 88 856
15 89 607
15 90 832
15 91 692
15 92 534
15 93 602
15 94 511
15 95 555
15 96 777
15 97 901
15 98 513
15 99 764
16 1 899
16 2 662
16 3 633
16 4 578
16 5 897
16 6 693
16 7 533
16 8 693
16 9 861
16 10 719
16 11 902
16 12 550
16 13 593
16 14 526
16 15 882
16 17 974
16 18 553
16 19 699
16 20 855
16 21 938
16 22 975
16 23 834
16 24 595
16 25 638
16 26 805
16 27 859
16 28 659
16 29 680
16 30 763
16 31 997
16 32 505
16 33 573
16 34 600
16 35 584
16 36 665
16 37 979
16 38 705
16 39 823
16 40 973
16 41 599
16 42 503
16 43 730
16 44 501
16 45 943
16 46 738
16 47 942
16 48 782
16 49 984
16 50 633
16 51 591
16 52 617
16 53 994
16 54 547
16 55 967
16 56 652
16 57 617
16 58 529
16 59 574
16 60 774
16 61 620
16 62 807
16 63 644
16 64 876
16 65 592
16 66 961
16 67 849
16 68 570
16 69 897
16 70 789
16 71 635
16 72 795
16 73 560
16 74 690
16 75 938
16 76 759
16 77 517
16 78 763
16 79 995
16 80 564
16 81 581
16 82 966
16 83 989
16 84 853
16 85 958
16 86 916
16 87 721
16 88 784
16 89 965
16 90 927
16 91 565
16 92 922
16 93 981
16 94 841
16 95 924
16 96 799
16 97 724
16 98 655
16 99 578
17 1 553
17 2 683
17 3 700
17 4 768
17 5 860
17 6 561
17 7 512
17 8 969
17 9 981
17 10 881
17 11 869
17 12 909
17 13 628
17 14 512
17 15 692
17 16 974
17 18 582
17 19 908
17 20 718
17 21 636
17 22 871
17 23 783
17 24 788
17 25 563
17 26 829
17 27 773
17 28 927
17 29 680
17 30 676
17 31 545
17 32 645
17 33 611
17 34 969
17 35 962
17 36 643
17 37 653
17 38 898
17 39 805
17 40 807
17 41 729
17 42 514
17 43 568
17 44 846
17 45 527
17 46 619
17 47 712
17 48 878
17 49 837
17 50 732
17 51 644
17 52 515
17 53 563
17 54 866
17 55 819
17 56 874
17 57 507
17 58 589
17 59 740
17 60 931
17 61 521
17 62 788
17 63 637
17 64 793
17 65 592
17 66 745
17 67 792
17 68 578
17 69 968
17 70 653
17 71 667
17 72 614
17 73 809
17 74 842
17 75 794
17 76 851
17 77 507
17 78 784
17 79 544
17 80 642
17 81 703
17 82 632
17 83 737
17 84 590
17 85 515
17 86 682
17 87 781
17 88 742
17 89 765
17 90 537
17 91 568
17 92 942
17 93 669
17 94 556
17 95 851
17 96 535
17 97 983
17 98 589
17 99 681
18 1 530
18 2 856
18 3 823
18 4 806
18 5 502
18 6 987
18 7 985
18 8 966
18 9 518
18 10 654
18 11 781
18 12 598
18 13 593
18 14 874
18 15 548
18 16 553
18 17 582
18 19 575
18 20 578
18 21 768
18 22 807
18 23 1000
18 24 763
18 25 969
18 26 682
18 27 676
18 28 914
18 29 908
18 30 991
18 31 828
18 32 788
18 33 521
18 34 637
18 35 777
18 36 999
18 37 575
18 38 773
18 39 566
18 40 725
18 41 646
18 42 884
18 43 659
18 44 728
18 45 662
18 46 654
18 47 952
18 48 585
18 49 892
18 50 542
18 51 865
18 52 810
18 53 994
18 54 680
18 55 889
18 56 863
18 57 813
18 58 756
18 59 856
18 60 980
18 61 775
18 62 709
18 63 801
18 64 791
18 65 1000
18 66 884
18 67 787
18 68 941
18 69 769
18 70 781
18 71 935
18 72 971
18 73 720
18 74 542
18 75 865
18 76 667
18 77 799
18 78 856
18 79 851
18 80 722
18 81 682
18 82 966
18 83 901
18 84 872
18 85 856
18 86 890
18 87 724
18 88 878
18 89 554
18 90 854
18 91 550
18 92 688
18 93 638
18 94 746
18 95 927
18 96 600
18 97 848
18 98 806
18 99 986
19 1 679
19 2 944
19 3 696
19 4 824
19 5 507
19 6 531
19 7 583
19 8 966
19 9 745
19 10 868
19 11 849
19 12 928
19 13 573
19 14 555
19 15 882
19 16 699
19 17 908
19 18 575
19 20 743
19 21 878
19 22 647
19 23 533
19 24 746
19 25 831
19 26 959
19 27 746
19 28 750
19 29 580
19 30 657
19 31 566
19 32 772
19 33 648
19 34 970
19 35 820
19 36 657
19 37 589
19 38 809
19 39 674
19 40 963
19 41 668
19 42 804
19 43 888
19 44 913
19 45 981
19 46 598
19 47 630
19 48 976
19 49 570
19 50 662
19 51 585
19 52 810
19 53 589
19 54 967
19 55 943
19 56 926
19 57 518
19 58 528
19 59 758
19 60 749
19 61 672
19 62 606
19 63 823
19 64 927
19 65 697
19 66 750
19 67 906
19 68 873
19 69 554
19 70 961
19 71 740
19 72 870
19 73 542
19 74 558
19 75 806
19 76 691
19 77 579
19 78 681
19 79 865
19 80 980
19 81 724
19 82 942
19 83 649
19 84 604
19 85 894
19 86 573
19 87 586
19 88 636
19 89 597
19 90 872
19 91 522
19 92 704
19 93 565
19 94 763
19 95 842
19 96 707
19 97 635
19 98 653
19 99 928
20 1 740
20 2 505
20 3 526
20 4 869
20 5 520
20 6 566
20 7 897
20 8 590
20 9 739
20 10 594
20 11 957
20 12 909
20 13 855
20 14 893
20 15 657
20 16 855
20 17 718
20 18 578
20 19 743
20 21 725
20 22 614
20 23 516
20 24 633
20 25 893
20 26 988
20 27 678
20 28 570
20 29 534
20 30 757
20 31 596
20 32 888
20 33 792
20 34 997
20 35 657
20 36 786
20 37 674
20 38 831
20 39 504
20 40 549
20 41 894
20 42 680
20 43 714
20 44 946
20 45 956
20 46 598
20 47 718
20 48 549
20 49 952
20 50 887
20 51 689
20 52 689
20 53 666
20 54 986
20 55 821
20 56 770
20 57 854
20 58 841
20 59 521
20 60 782
20 61 926
20 62 696
20 63 818
20 64 678
20 65 712
20 66 578
20 67 976
20 68 617
20 69 751
20 70 557
20 71 732
20 72 554
20 73 649
20 74 816
20 75 791
20 76 683
20 77 973
20 78 841
20 79 844
20 80 757
20 81 802
20 82 830
20 83 728
20 84 747
20 85 740
20 86 805
20 87 809
20 88 534
20 89 598
20 90 678
20 91 772
20 92 570
20 93 573
20 94 937
20 95 677
20 96 672
20 97 849
20 98 773
20 99 909
21 1 605
21 2 564
21 3 595
21 4 720
21 5 919
21 6 679
21 7 924
21 8 903
21 9 645
21 10 847
21 11 967
21 12 812
21 13 683
21 14 695
21 15 708
21 16 938
21 17 636
21 18 768
21 19 878
21 20 725
21 22 972
21 23 507
21 24 624
21 25 898
21 26 527
21 27 844
21 28 647
21 29 924
21 30 572
21 31 728
21 32 756
21 33 674
21 34 955
21 35 911
21 36 924
21 37 527
21 38 822
21 39 941
21 40 939
21 41 672
21 42 932
21 43 781
21 44 891
21 45 957
21 46 793
21 47 591
21 48 966
21 49 760
21 50 877
21 51 728
21 52 897
21 53 812
21 54 864
21 55 922
21 56 622
21 57 600
21 58 860
21 59 861
21 60 878
21 61 850
21 62 881
21 63 812
21 64 949
21 65 728
21 66 562
21 67 693
21 68 964
21 69 668
21 70 610
21 71 709
21 72 713
21 73 927
21 74 970
21 75 632
21 76 637
21 77 770
21 78 872
21 79 963
21 80 945
21 81 841
21 82 569
21 83 563
21 84 926
21 85 918
21 86 868
21 87 800
21 88 792
21 89 869
21 90 980
21 91 742
21 92 508
21 93 970
21 94 788
21 95 913
21 96 709
21 97 720
21 98 563
21 99 980
22 1 944
22 2 651
22 3 952
22 4 835
22 5 703
22 6 838
22 7 826
22 8 503
22 9 530
22 10 523
22 11 846
22 12 615
22 13 904
22 14 880
22 15 616
22 16 975
22 17 871
22 18 807
22 19 647
22 20 614
22 21 972
22 23 842
22 24 564
22 25 830
22 26 918
22 27 929
22 28 980
22 29 970
22 30 802
22 31 605
22 32 635
22 33 937
22 34 657
22 35 809
22 36 512
22 37 864
22 38 745
22 39 672
22 40 737
22 41 870
22 42 900
22 43 699
22 44 500
22 45 877
22 46 572
22 47 674
22 48 637
22 49 686
22 50 749
22 51 654
22 52 983
22 53 837
22 54 998
22 55 734
22 56 657
22 57 626
22 58 997
22 59 518
22 60 593
22 61 590
22 62 912
22 63 971
22 64 602
22 65 832
22 66 558
22 67 753
22 68 825
22 69 605
22 70 941
22 71 974
22 72 943
22 73 946
22 74 965
22 75 682
22 76 557
22 77 965
22 78 858
22 79 715
22 80 812
22 81 705
22 82 603
22 83 877
22 84 766
22 85 610
22 86 520
22 87 771
22 88 912
22 89 731
22 90 573
22 91 514
22 92 862
22 93 780
22 94 929
22 95 614
22 96 722
22 97 938
22 98 765
22 99 816
23 1 935
23 2 694
23 3 619
23 4 602
23 5 684
23 6 784
23 7 801
23 8 616
23 9 735
23 10 840
23 11 565
23 12 948
23 13 675
23 14 623
23 15 738
23 16 834
23 17 783
23 18 1000
23 19 533
23 20 516
23 21 507
23 22 842
23 24 870
23 25 659
23 26 955
23 27 908
23 28 639
23 29 550
23 30 592
23 31 601
23 32 964
23 33 606
23 34 568
23 35 608
23 36 537
23 37 562
23 38 580
23 39 721
23 40 993
23 41 626
23 42 562
23 43 848
23 44 752
23 45 734
23 46 711
23 47 893
23 48 826
23 49 945
23 50 772
23 51 788
23 52 728
23 53 839
23 54 714
23 55 882
23 56 649
23 57 501
23 58 677
23 59 988
23 60 874
23 61 665
23 62 806
23 63 813
23 64 542
23 65 736
23 66 933
23 67 893
23 68 782
23 69 654
23 70 984
23 71 800
23 72 647
23 73 930
23 74 511
23 75 741
23 76 812
23 77 861
23 78 945
23 79 974
23 80 580
23 81 777
23 82 737
23 83 826
23 84 978
23 85 574
23 86 685
23 87 765
23 88 611
23 89 714
23 90 799
23 91 692
23 92 774
23 93 720
23 94 904
23 95 776
23 96 639
23 97 672
23 98 654
23 99 930
24 1 880
24 2 848
24 3 907
24 4 511
24 5 943
24 6 643
24 7 665
24 8 956
24 9 765
24 10 723
24 11 944
24 12 805
24 13 919
24 14 684
24 15 967
24 16 595
24 17 788
24 18 763
24 19 746
24 20 633
24 21 624
24 22 564
24 23 870
24 25 589
24 26 687
24 27 636
24 28 678
24 29 872
24 30 614
24 31 554
24 32 826
24 33 858
24 34 848
24 35 908
24 36 700
24 37 813
24 38 590
24 39 616
24 40 777
24 41 953
24 42 990
24 43 876
24 44 716
24 45 977
24 46 775
24 47 601
24 48 680
24 49 925
24 50 976
24 51 549
24 52 814
24 53 925
24 54 998
24 55 617
24 56 942
24 57 618
24 58 810
24 59 562
24 60 980
24 61 929
24 62 937
24 63 793
24 64 817
24 65 532
24 66 816
24 67 984
24 68 998
24 69 807
24 70 787
24 71 677
24 72 823
24 73 735
24 74 899
24 75 597
24 76 748
24 77 504
24 78 508
24 79 787
24 80 591
24 81 874
24 82 923
24 83 905
24 84 788
24 85 549
24 86 635
24 87 520
24 88 614
24 89 948
24 90 815
24 91 649
24 92 713
24 93 659
24 94 891
24 95 632
24 96 681
24 97 780
24 98 785
24 99 847
25 1 606
25 2 574
25 3 961
25 4 936
25 5 929
25 6 736
25 7 619
25 8 827
25 9 840
25 10 873
25 11 738
25 12 693
25 13 630
25 14 963
25 15 783
25 16 638
25 17 563
25 18 969
25 19 831
25 20 893
25 21 898
25 22 830
25 23 659
25 24 589
25 26 981
25 27 613
25 28 568
25 29 835
25 30 887
25 31 582
25 32 616
25 33 535
25 34 900
25 35 517
25 36 595
25 37 625
25 38 823
25 39 881
25 40 654
25 41 943
25 42 943
25 43 968
25 44 751
25 45 752
25 46 723
25 47 818
25 48 815
25 49 905
25 50 517
25 51 516
25 52 655
25 53 878
25 54 518
25 55 824
25 56 649
25 57 733
25 58 739
25 59 728
25 60 554
25 61 899
25 62 531
25 63 953
25 64 537
25 65 665
25 66 567
25 67 630
25 68 974
25 69 625
25 70 587
25 71 790
25 72 517
25 73 857
25 74 616
25 75 624
25 76 846
25 77 925
25 78 582
25 79 869
25 80 727
25 81 919
25 82 837
25 83 610
25 84 501
25 85 626
25 86 880
25 87 585
25 88 786
25 89 846
25 90 515
25 91 895
25 92 639
25 93 808
25 94 776
25 95 637
25 96 858
25 97 696
25 98 512
25 99 506
26 1 792
26 2 996
26 3 858
26 4 697
26 5 506
26 6 675
26 7 994
26 8 738
26 9 699
26 10 564
26 11 503
26 12 864
26 13 611
26 14 818
26 15 972
26 16 805
26 17 829
26 18 682
26 19 959
26 20 988
26 21 527
26 22 918
26 23 955
26 24 687
26 25 981
26 27 526
26 28 800
26 29 729
26 30 652
26 31 954
26 32 894
26 33 665
26 34 795
26 35 678
26 36 941
26 37 531
26 38 546
26 39 760
26 40 711
26 41 830
26 42 841
26 43 562
26 44 819
26 45 816
26 46 917
26 47 914
26 48 795
26 49 905
26 50 943
26 51 1000
26 52 666
26 53 729
26 54 839
26 55 807
26 56 694
26 57 957
26 58 525
26 59 727
26 60 678
26 61 583
26 62 707
26 63 885
26 64 756
26 65 745
26 66 811
26 67 628
26 68 675
26 69 965
26 70 793
26 71 703
26 72 514
26 73 630
26 74 520
26 75 826
26 76 605
26 77 599
26 78 505
26 79 813
26 80 885
26 81 965
26 82 995
26 83 606
26 84 746
26 85 866
26 86 864
26 87 549
26 88 953
26 89 582
26 90 507
26 91 518
26 92 925
26 93 552
26 94 641
26 95 549
26 96 954
26 97 790
26 98 666
26 99 625
27 1 630
27 2 768
27 3 880
27 4 595
27 5 907
27 6 807
27 7 530
27 8 891
27 9 682
27 10 885
27 11 713
27 12 894
27 13 950
27 14 671
27 15 908
27 16 859
27 17 773
27 18 676
27 19 746
27 20 678
27 21 844
27 22 929
27 23 908
27 24 636
27 25 613
27 26 526
27 28 952
27 29 660
27 30 866
27 31 957
27 32 695
27 33 667
27 34 606
27 35 989
27 36 641
27 37 938
27 38 857
27 39 773
27 40 653
27 41 889
27 42 691
27 43 848
27 44 589
27 45 873
27 46 510
27 47 602
27 48 837
27 49 631
27 50 610
27 51 637
27 52 717
27 53 750
27 54 930
27 55 882
27 56 717
27 57 859
27 58 758
27 59 533
27 60 664
27 61 676
27 62 968
27 63 857
27 64 593
27 65 790
27 66 644
27 67 769
27 68 679
27 69 585
27 70 685
27 71 944
27 72 578
27 73 531
27 74 812
27 75 956
27 76 544
27 77 667
27 78 820
27 79 910
27 80 838
27 81 909
27 82 505
27 83 737
27 84 954
27 85 873
27 86 948
27 87 569
27 88 596
27 89 928
27 90 548
27 91 606
27 92 913
27 93 501
27 94 756
27 95 772
27 96 530
27 97 706
27 98 840
27 99 845
28 1 512
28 2 914
28 3 574
28 4 865
28 5 884
28 6 812
28 7 540
28 8 858
28 9 858
28 10 932
28 11 589
28 12 812
28 13 903
28 14 727
28 15 511
28 16 659
28 17 927
28 18 914
28 19 750
28 20 570
28 21 647
28 22 980
28 23 639
28 24 678
28 25 568
28 26 800
28 27 952
28 29 842
28 30 989
28 31 642
28 32 894
28 33 756
28 34 516
28 35 889
28 36 774
28 37 648
28 38 959
28 39 753
28 40 913
28 41 615
28 42 632
28 43 973
28 44 898
28 45 997
28 46 628
28 47 712
28 48 923
28 49 901
28 50 804
28 51 545
28 52 632
28 53 519
28 54 814
28 55 643
28 56 731
28 57 982
28 58 998
28 59 621
28 60 508
28 61 933
28 62 791
28 63 962
28 64 558
28 65 953
28 66 973
28 67 985
28 68 553
28 69 976
28 70 711
28 71 769
28 72 567
28 73 505
28 74 940
28 75 566
28 76 709
28 77 736
28 78 876
28 79 593
28 80 671
28 81 549
28 82 740
28 83 513
28 84 904
28 85 595
28 86 970
28 87 988
28 88 548
28 89 619
28 90 680
28 91 516
28 92 659
28 93 947
28 94 637
28 95 921
28 96 675
28 97 701
28 98 557
28 99 708
29 1 770
29 2 791
29 3 741
29 4 822
29 5 914
29 6 800
29 7 860
29 8 746
29 9 676
29 10 627
29 11 530
29 12 647
29 13 926
29 14 620
29 15 934
29 16 680
29 17 680
29 18 908
29 19 580
29 20 534
29 21 924
29 22 970
29 23 550
29 24 872
29 25 835
29 26 729
29 27 660
29 28 842
29 30 887
29 31 796
29 32 964
29 33 554
29 34 840
29 35 754
29 36 984
29 37 662
29 38 735
29 39 906
29 40 603
29 41 676
29 42 822
29 43 516
29 44 894
29 45 978
29 46 883
29 47 737
29 48 863
29 49 576
29 50 758
29 51 593
29 52 598
29 53 544
29 54 806
29 55 863
29 56 594
29 57 734
29 58 589
29 59 740
29 60 649
29 61 888
29 62 894
29 63 708
29 64 746
29 65 896
29 66 880
29 67 984
29 68 710
29 69 826
29 70 536
29 71 793
29 72 833
29 73 593
29 74 690
29 75 961
29 76 781
29 77 943
29 78 951
29 79 735
29 80 999
29 81 760
29 82 794
29 83 886
29 84 604
29 85 975
29 86 645
29 87 621
29 88 858
29 89 507
29 90 793
29 91 718
29 92 818
29 93 747
29 94 775
29 95 607
29 96 858
29 97 985
29 98 714
29 99 842
30 1 661
30 2 919
30 3 663
30 4 978
30 5 691
30 6 731
30 7 827
30 8 758
30 9 529
30 10 969
30 11 709
30 12 879
30 13 888
30 14 511
30 15 975
30 16 763
30 17 676
30 18 991
30 19 657
30 20 757
30 21 572
30 22 802
30 23 592
30 24 614
30 25 887
30 26 652
30 27 866
30 28 989
30 29 887
30 31 931
30 32 591
30 33 870
30 34 637
30 35 646
30 36 513
30 37 741
30 38 901
30 39 770
30 40 947
30 41 821
30 42 945
30 43 709
30 44 597
30 45 980
30 46 655
30 47 841
30 48 518
30 49 884
30 50 915
30 51 576
30 52 631
30 53 593
30 54 795
30 55 925
30 56 967
30 57 673
30 58 853
30 59 787
30 60 821
30 61 821
30 62 706
30 63 859
30 64 528
30 65 891
30 66 690
30 67 881
30 68 582
30 69 848
30 70 619
30 71 626
30 72 541
30 73 562
30 74 926
30 75 575
30 76 940
30 77 983
30 78 678
30 79 540
30 80 683
30 81 645
30 82 621
30 83 727
30 84 965
30 85 524
30 86 964
30 87 551
30 88 754
30 89 846
30 90 518
30 91 670
30 92 606
30 93 510
30 94 516
30 95 954
30 96 737
30 97 572
30 98 976
30 99 658
31 1 512
31 2 579
31 3 858
31 4 903
31 5 773
31 6 917
31 7 972
31 8 660
31 9 714
31 10 989
31 11 741
31 12 990
31 13 866
31 14 967
31 15 719
31 16 997
31 17 545
31 18 828
31 19 566
31 20 596
31 21 728
31 22 605
31 23 601
31 24 554
31 25 582
31 26 954
31 27 957
31 28 642
31 29 796
31 30 931
31 32 779
31 33 896
31 34 860
31 35 564
31 36 866
31 37 793
31 38 949
31 39 728
31 40 995
31 41 877
31 42 505
31 43 933
31 44 565
31 45 620
31 46 579
31 47 598
31 48 983
31 49 624
31 50 788
31 51 812
31 52 831
31 53 927
31 54 609
31 55 957
31 56 684
31 57 674
31 58 658
31 59 691
31 60 626
31 61 606
31 62 945
31 63 886
31 64 991
31 65 763
31 66 973
31 67 837
31 68 916
31 69 696
31 70 577
31 71 617
31 72 842
31 73 633
31 74 965
31 75 679
31 76 779
31 77 569
31 78 771
31 79 813
31 80 713
31 81 693
31 82 874
31 83 928
31 84 894
31 85 500
31 86 598
31 87 596
31 88 986
31 89 830
31 90 761
31 91 899
31 92 879
31 93 773
31 94 605
31 95 822
31 96 716
31 97 891
31 98 631
31 99 884
32 1 789
32 2 806
32 3 543
32 4 996
32 5 815
32 6 875
32 7 700
32 8 563
32 9 607
32 10 800
32 11 859
32 12 920
32 13 546
32 14 903
32 15 633
32 16 505
32 17 645
32 18 788
32 19 772
32 20 888
32 21 756
32 22 635
32 23 964
32 24 826
32 25 616
32 26 894
32 27 695
32 28 894
32 29 964
32 30 591
32 31 779
32 33 637
32 34 508
32 35 837
32 36 918
32 37 948
32 38 732
32 39 921
32 40 652
32 41 839
32 42 536
32 43 538
32 44 721
32 45 618
32 46 688
32 47 973
32 48 505
32 49 977
32 50 730
32 51 942
32 52 649
32 53 789
32 54 555
32 55 780
32 56 808
32 57 688
32 58 565
32 59 511
32 60 605
32 61 789
32 62 539
32 63 733
32 64 707
32 65 719
32 66 539
32 67 944
32 68 888
32 69 836
32 70 959
32 71 576
32 72 743
32 73 939
32 74 687
32 75 527
32 76 587
32 77 773
32 78 609
32 79 599
32 80 553
32 81 852
32 82 598
32 83 899
32 84 958
32 85 721
32 86 946
32 87 980
32 88 869
32 89 687
32 90 738
32 91 756
32 92 839
32 93 921
32 94 813
32 95 874
32 96 604
32 97 713
32 98 922
32 99 663
33 1 744
33 2 715
33 3 728
33 4 635
33 5 879
33 6 676
33 7 506
33 8 982
33 9 806
33 10 510
33 11 731
33 12 512
33 13 800
33 14 965
33 15 708
33 16 573
33 17 611
33 18 521
33 19 648
33 20 792
33 21 674
33 22 937
33 23 606
33 24 858
33 25 535
33 26 665
33 27 667
33 28 756
33 29 554
33 30 870
33 31 896
33 32 637
33 34 863
33 35 544
33 36 812
33 37 808
33 38 774
33 39 655
33 40 611
33 41 623
33 42 645
33 43 738
33 44 731
33 45 762
33 46 932
33 47 515
33 48 931
33 49 590
33 50 734
33 51 818
33 52 727
33 53 967
33 54 803
33 55 645
33 56 905
33 57 564
33 58 920
33 59 559
33 60 914
33 61 772
33 62 846
33 63 604
33 64 665
33 65 688
33 66 728
33 67 988
33 68 844
33 69 790
33 70 685
33 71 815
33 72 978
33 73 608
33 74 936
33 75 993
33 76 621
33 77 721
33 78 824
33 79 996
33 80 516
33 81 862
33 82 947
33 83 577
33 84 647
33 85 887
33 86 697
33 87 857
33 88 790
33 89 888
33 90 657
33 91 552
33 92 911
33 93 985
33 94 733
33 95 703
33 96 651
33 97 925
33 98 995
33 99 586
34 1 695
34 2 906
34 3 729
34 4 827
34 5 653
34 6 631
34 7 887
34 8 849
34 9 936
34 10 761
34 11 716
34 12 668
34 13 549
34 14 818
34 15 536
34 16 600
34 17 969
34 18 637
34 19 970
34 20 997
34 21 955
34 22 657
34 23 568
34 24 848
34 25 900
34 26 795
34 27 606
34 28 516
34 29 840
34 30 637
34 31 860
34 32 508
34 33 863
34 35 619
34 36 655
34 37 568
34 38 813
34 39 669
34 40 596
34 41 763
34 42 805
34 43 720
34 44 609
34 45 861
34 46 998
34 47 510
34 48 631
34 49 619
34 50 594
34 51 747
34 52 883
34 53 770
34 54 816
34 55 528
34 56 859
34 57 622
34 58 863
34 59 710
34 60 596
34 61 577
34 62 745
34 63 725
34 64 786
34 65 871
34 66 808
34 67 612
34 68 948
34 69 979
34 70 533
34 71 778
34 72 663
34 73 704
34 74 898
34 75 712
34 76 562
34 77 811
34 78 842
34 79 978
34 80 798
34 81 943
34 82 903
34 83 678
34 84 739
34 85 999
34 86 546
34 87 619
34 88 722
34 89 809
34 90 868
34 91 836
34 92 713
34 93 830
34 94 547
34 95 964
34 96 626
34 97 932
34 98 733
34 99 695
35 1 891
35 2 749
35 3 542
35 4 593
35 5 794
35 6 573
35 7 850
35 8 677
35 9 618
35 10 746
35 11 656
35 12 546
35 13 886
35 14 996
35 15 878
35 16 584
35 17 962
35 18 777
35 19 820
35 20 657
35 21 911
35 22 809
35 23 608
35 24 908
35 25 517
35 26 678
35 27 989
35 28 889
35 29 754
35 30 646
35 31 564
35 32 837
35 33 544
35 34 619
35 36 841
35 37 601
35 38 517
35 39 559
35 40 750
35 41 968
35 42 804
35 43 501
35 44 980
35 45 611
35 46 532
35 47 926
35 48 616
35 49 812
35 50 922
35 51 654
35 52 557
35 53 871
35 54 758
35 55 938
35 56 652
35 57 516
35 58 923
35 59 863
35 60 879
35 61 627
35 62 901
35 63 503
35 64 978
35 65 790
35 66 775
35 67 861
35 68 917
35 69 932
35 70 981
35 71 756
35 72 773
35 73 818
35 74 554
35 75 659
35 76 790
35 77 503
35 78 585
35 79 982
35 80 660
35 81 890
35 82 615
35 83 947
35 84 833
35 85 759
35 86 891
35 87 639
35 88 544
35 89 793
35 90 553
35 91 941
35 92 858
35 93 983
35 94 999
35 95 600
35 96 886
35 97 610
35 98 680
35 99 995
36 1 826
36 2 837
36 3 686
36 4 870
36 5 930
36 6 600
36 7 994
36 8 788
36 9 723
36 10 831
36 11 980
36 12 870
36 13 752
36 14 714
36 15 795
36 16 665
36 17 643
36 18 999
36 19 657
36 20 786
36 21 924
36 22 512
36 23 537
36 24 700
36 25 595
36 26 941
36 27 641
36 28 774
36 29 984
36 30 513
36 31 866
36 32 918
36 33 812
36 34 655
36 35 841
36 37 716
36 38 582
36 39 817
36 40 648
36 41 783
36 42 834
36 43 515
36 44 772
36 45 598
36 46 779
36 47 989
36 48 583
36 49 741
36 50 858
36 51 731
36 52 996
36 53 584
36 54 952
36 55 703
36 56 876
36 57 923
36 58 598
36 59 621
36 60 733
36 61 546
36 62 645
36 63 581
36 64 723
36 65 798
36 66 624
36 67 678
36 68 639
36 69 836
36 70 841
36 71 943
36 72 940
36 73 765
36 74 729
36 75 801
36 76 757
36 77 586
36 78 573
36 79 693
36 80 530
36 81 905
36 82 728
36 83 766
36 84 582
36 85 862
36 86 754
36 87 815
36 88 658
36 89 851
36 90 528
36 91 889
36 92 904
36 93 509
36 94 605
36 95 671
36 96 878
36 97 600
36 98 744
36 99 669
37 1 994
37 2 561
37 3 921
37 4 710
37 5 658
37 6 523
37 7 521
37 8 694
37 9 696
37 10 885
37 11 953
37 12 952
37 13 880
37 14 639
37 15 792
37 16 979
37 17 653
37 18 575
37 19 589
37 20 674
37 21 527
37 22 864
37 23 562
37 24 813
37 25 625
37 26 531
37 27 938
37 28 648
37 29 662
37 30 741
37 31 793
37 32 948
37 33 808
37 34 568
37 35 601
37 36 716
37 38 572
37 39 537
37 40 832
37 41 647
37 42 648
37 43 794
37 44 797
37 45 630
37 46 560
37 47 789
37 48 564
37 49 977
37 50 583
37 51 632
37 52 792
37 53 776
37 54 630
37 55 847
37 56 518
37 57 503
37 58 775
37 59 931
37 60 764
37 61 813
37 62 785
37 63 681
37 64 525
37 65 731
37 66 713
37 67 894
37 68 671
37 69 799
37 70 628
37 71 683
37 72 960
37 73 521
37 74 563
37 75 567
37 76 884
37 77 731
37 78 847
37 79 630
37 80 962
37 81 821
37 82 907
37 83 891
37 84 660
37 85 892
37 86 786
37 87 552
37 88 766
37 89 691
37 90 610
37 91 554
37 92 596
37 93 959
37 94 630
37 95 622
37 96 800
37 97 913
37 98 871
37 99 698
38 1 640
38 2 885
38 3 724
38 4 560
38 5 571
38 6 654
38 7 674
38 8 571
38 9 898
38 10 757
38 11 947
38 12 677
38 13 810
38 14 579
38 15 666
38 16 705
38 17 898
38 18 773
38 19 809
38 20 831
38 21 822
38 22 745
38 23 580
38 24 590
38 25 823
38 26 546
38 27 857
38 28 959
38 29 735
38 30 901
38 31 949
38 32 732
38 33 774
38 34 813
38 35 517
38 36 582
38 37 572
38 39 604
38 40 567
38 41 818
38 42 917
38 43 725
38 44 903
38 45 978
38 46 786
38 47 719
38 48 927
38 49 551
38 50 846
38 51 889
38 52 933
38 53 543
38 54 625
38 55 936
38 56 922
38 57 893
38 58 592
38 59 964
38 60 960
38 61 772
38 62 544
38 63 625
38 64 939
38 65 759
38 66 752
38 67 551
38 68 503
38 69 862
38 70 666
38 71 933
38 72 613
38 73 696
38 74 919
38 75 760
38 76 888
38 77 974
38 78 909
38 79 554
38 80 540
38 81 677
38 82 648
38 83 553
38 84 523
38 85 532
38 86 598
38 87 710
38 88 951
38 89 998
38 90 616
38 91 632
38 92 506
38 93 609
38 94 729
38 95 583
38 96 678
38 97 771
38 98 624
38 99 516
39 1 797
39 2 713
39 3 540
39 4 912
39 5 630
39 6 936
39 7 847
39 8 614
39 9 885
39 10 538
39 11 777
39 12 630
39 13 750
39 14 837
39 15 918
39 16 823
39 17 805
39 18 566
39 19 674
39 20 504
39 21 941
39 22 672
39 23 721
39 24 616
39 25 881
39 26 760
39 27 773
39 28 753
39 29 906
39 30 770
39 31 728
39 32 921
39 33 655
39 34 669
39 35 559
39 36 817
39 37 537
39 38 604
39 40 705
39 41 666
39 42 682
39 43 573
39 44 981
39 45 784
39 46 641
39 47 529
39 48 858
39 49 964
39 50 769
39 51 685
39 52 734
39 53 712
39 54 771
39 55 576
39 56 728
39 57 741
39 58 921
39 59 976
39 60 720
39 61 764
39 62 517
39 63 897
39 64 630
39 65 540
39 66 686
39 67 584
39 68 724
39 69 958
39 70 639
39 71 593
39 72 845
39 73 896
39 74 996
39 75 981
39 76 588
39 77 976
39 78 668
39 79 515
39 80 585
39 81 840
39 82 805
39 83 700
39 84 900
39 85 799
39 86 776
39 87 867
39 88 536
39 89 892
39 90 681
39 91 591
39 92 554
39 93 881
39 94 797
39 95 581
39 96 886
39 97 546
39 98 691
39 99 955
40 1 691
40 2 583
40 3 518
40 4 951
40 5 851
40 6 951
40 7 922
40 8 920
40 9 763
40 10 630
40 11 779
40 12 676
40 13 560
40 14 679
40 15 660
40 16 973
40 17 807
40 18 725
40 19 963
40 20 549
40 21 939
40 22 737
40 23 993
40 24 777
40 25 654
40 26 711
40 27 653
40 28 913
40 29 603
40 30 947
40 31 995
40 32 652
40 33 611
40 34 596
40 35 750
40 36 648
40 37 832
40 38 567
40 39 705
40 41 640
40 42 999
40 43 858
40 44 549
40 45 677
40 46 902
40 47 992
40 48 820
40 49 700
40 50 535
40 51 747
40 52 509
40 53 849
40 54 577
40 55 651
40 56 685
40 57 743
40 58 992
40 59 745
40 60 612
40 61 868
40 62 541
40 63 766
40 64 896
40 65 552
40 66 910
40 67 980
40 68 524
40 69 791
40 70 683
40 71 546
40 72 527
40 73 918
40 74 840
40 75 972
40 76 627
40 77 627
40 78 958
40 79 742
40 80 864
40 81 787
40 82 774
40 83 985
40 84 704
40 85 890
40 86 706
40 87 615
40 88 640
40 89 666
40 90 802
40 91 713
40 92 606
40 93 638
40 94 741
40 95 789
40 96 906
40 97 785
40 98 863
40 99 934
41 1 591
41 2 891
41 3 648
41 4 670
41 5 661
41 6 678
41 7 908
41 8 740
41 9 561
41 10 689
41 11 758
41 12 514
41 13 568
41 14 885
41 15 721
41 16 599
41 17 729
41 18 646
41 19 668
41 20 894
41 21 672
41 22 870
41 23 626
41 24 953
41 25 943
41 26 830
41 27 889
41 28 615
41 29 676
41 30 821
41 31 877
41 32 839
41 33 623
41 34 763
41 35 968
41 36 783
41 37 647
41 38 818
41 39 666
41 40 640
41 42 912
41 43 675
41 44 533
41 45 638
41 46 756
41 47 507
41 48 640
41 49 597
41 50 572
41 51 876
41 52 887
41 53 932
41 54 975
41 55 964
41 56 606
41 57 951
41 58 598
41 59 833
41 60 508
41 61 714
41 62 815
41 63 853
41 64 818
41 65 739
41 66 692
41 67 743
41 68 917
41 69 950
41 70 670
41 71 835
41 72 736
41 73 968
41 74 842
41 75 877
41 76 932
41 77 623
41 78 791
41 79 847
41 80 888
41 81 787
41 82 806
41 83 860
41 84 760
41 85 832
41 86 615
41 87 517
41 88 776
41 89 676
41 90 714
41 91 752
41 92 814
41 93 914
41 94 810
41 95 641
41 96 845
41 97 726
41 98 502
41 99 534
42 1 766
42 2 550
42 3 745
42 4 637
42 5 768
42 6 608
42 7 587
42 8 638
42 9 669
42 10 826
42 11 740
42 12 826
42 13 868
42 14 672
42 15 665
42 16 503
42 17 514
42 18 884
