s 1 608
s 2 219
s 3 402
s 4 599
s 5 872
s 6 838
s 7 174
s 8 990
s 9 932
s 10 966
s 11 283
s 12 628
s 13 144
s 14 249
s 15 929
s 16 210
s 17 869
s 18 875
s 19 67
s 20 635
s 21 78
s 22 793
s 23 416
s 24 636
s 25 213
s 26 813
s 27 740
s 28 613
s 29 728
s 30 600
s 31 220
s 32 450
s 33 176
s 34 242
s 35 225
s 36 552
s 37 357
s 38 482
s 39 113
s 40 52
s 41 881
s 42 136
s 43 589
s 44 719
s 45 475
s 46 339
s 47 994
s 48 472
s 49 501
s 50 282
s 51 670
s 52 591
s 53 179
s 54 167
s 55 654
s 56 950
s 57 738
s 58 714
s 59 412
s 60 981
s 61 754
s 62 999
s 63 291
s 64 248
s 65 645
s 66 471
s 67 204
s 68 865
s 69 788
s 70 551
s 71 447
s 72 511
s 73 650
s 74 98
s 75 687
s 76 245
s 77 467
s 78 213
s 79 492
s 80 166
s 81 794
s 82 145
s 83 113
s 84 801
s 85 274
s 86 152
s 87 496
s 88 92
s 89 631
s 90 174
s 91 424
s 92 338
s 93 904
s 94 491
s 95 451
s 96 237
s 97 721
s 98 129
s 99 492
1 2 617
1 3 248
1 4 96
1 5 81
1 6 654
1 7 843
1 8 829
1 9 133
1 10 706
1 11 899
1 12 170
1 13 812
1 14 595
1 15 797
1 16 856
1 17 719
1 18 96
1 19 242
1 20 147
1 21 519
1 22 594
1 23 353
1 24 387
1 25 896
1 26 800
1 27 349
1 28 69
1 29 175
1 30 994
1 31 178
1 32 180
1 33 250
1 34 360
1 35 254
1 36 868
1 37 427
1 38 301
1 39 269
1 40 988
1 41 381
1 42 112
1 43 525
1 44 887
1 45 316
1 46 174
1 47 131
1 48 213
1 49 812
1 50 467
1 51 632
1 52 826
1 53 742
1 54 197
1 55 311
1 56 217
1 57 877
1 58 318
1 59 892
1 60 446
1 61 384
1 62 420
1 63 708
1 64 948
1 65 560
1 66 753
1 67 805
1 68 611
1 69 91
1 70 630
1 71 341
1 72 506
1 73 762
1 74 838
1 75 570
1 76 203
1 77 959
1 78 550
1 79 346
1 80 912
1 81 988
1 82 699
1 83 931
1 84 757
1 85 684
1 86 793
1 87 688
1 88 88
1 89 322
1 90 942
1 91 585
1 92 153
1 93 619
1 94 598
1 95 492
1 96 371
1 97 560
1 98 106
1 99 68
2 1 617
2 3 479
2 4 446
2 5 74
2 6 525
2 7 368
2 8 424
2 9 475
2 10 996
2 11 720
2 12 763
2 13 915
2 14 175
2 15 395
2 16 102
2 17 332
2 18 612
2 19 595
2 20 678
2 21 432
2 22 110
2 23 990
2 24 159
2 25 702
2 26 531
2 27 981
2 28 492
2 29 201
2 30 170
2 31 771
2 32 513
2 33 71
2 34 290
2 35 446
2 36 415
2 37 714
2 38 391
2 39 108
2 40 229
2 41 86
2 42 680
2 43 58
2 44 942
2 45 860
2 46 121
2 47 416
2 48 101
2 49 632
2 50 976
2 51 925
2 52 557
2 53 99
2 54 638
2 55 962
2 56 621
2 57 540
2 58 202
2 59 581
2 60 527
2 61 879
2 62 705
2 63 64
2 64 951
2 65 325
2 66 887
2 67 781
2 68 415
2 69 877
2 70 541
2 71 448
2 72 243
2 73 231
2 74 992
2 75 152
2 76 454
2 77 825
2 78 964
2 79 703
2 80 212
2 81 924
2 82 718
2 83 228
2 84 927
2 85 320
2 86 207
2 87 329
2 88 466
2 89 472
2 90 686
2 91 244
2 92 834
2 93 375
2 94 180
2 95 411
2 96 481
2 97 240
2 98 254
2 99 321
3 1 248
3 2 479
3 4 232
3 5 717
3 6 972
3 7 681
3 8 286
3 9 453
3 10 268
3 11 858
3 12 640
3 13 472
3 14 681
3 15 628
3 16 578
3 17 319
3 18 972
3 19 855
3 20 829
3 21 667
3 22 93
3 23 529
3 24 237
3 25 85
3 26 157
3 27 187
3 28 872
3 29 343
3 30 567
3 31 117
3 32 164
3 33 368
3 34 94
3 35 57
3 36 217
3 37 796
3 38 126
3 39 368
3 40 238
3 41 454
3 42 905
3 43 707
3 44 769
3 45 880
3 46 585
3 47 979
3 48 608
3 49 429
3 50 178
3 51 724
3 52 284
3 53 967
3 54 119
3 55 245
3 56 296
3 57 257
3 58 488
3 59 536
3 60 111
3 61 412
3 62 579
3 63 968
3 64 90
3 65 781
3 66 487
3 67 341
3 68 959
3 69 450
3 70 50
3 71 297
3 72 305
3 73 608
3 74 945
3 75 180
3 76 348
3 77 840
3 78 748
3 79 68
3 80 578
3 81 654
3 82 655
3 83 563
3 84 976
3 85 655
3 86 989
3 87 608
3 88 290
3 89 438
3 90 121
3 91 973
3 92 381
3 93 60
3 94 410
3 95 448
3 96 364
3 97 812
3 98 957
3 99 419
4 1 96
4 2 446
4 3 232
4 5 801
4 6 428
4 7 88
4 8 153
4 9 708
4 10 421
4 11 562
4 12 206
4 13 508
4 14 164
4 15 231
4 16 207
4 17 79
4 18 232
4 19 617
4 20 537
4 21 907
4 22 318
4 23 990
4 24 468
4 25 796
4 26 254
4 27 947
4 28 133
4 29 816
4 30 896
4 31 733
4 32 239
4 33 671
4 34 717
4 35 611
4 36 626
4 37 513
4 38 584
4 39 283
4 40 548
4 41 580
4 42 879
4 43 484
4 44 712
4 45 992
4 46 91
4 47 51
4 48 254
4 49 676
4 50 979
4 51 622
4 52 615
4 53 133
4 54 780
4 55 286
4 56 796
4 57 525
4 58 318
4 59 849
4 60 679
4 61 404
4 62 790
4 63 429
4 64 111
4 65 986
4 66 962
4 67 416
4 68 371
4 69 102
4 70 172
4 71 306
4 72 92
4 73 832
4 74 938
4 75 975
4 76 218
4 77 775
4 78 709
4 79 476
4 80 957
4 81 324
4 82 509
4 83 229
4 84 369
4 85 945
4 86 574
4 87 327
4 88 398
4 89 255
4 90 136
4 91 956
4 92 348
4 93 277
4 94 318
4 95 544
4 96 547
4 97 107
4 98 704
4 99 800
5 1 81
5 2 74
5 3 717
5 4 801
5 6 797
5 7 501
5 8 918
5 9 728
5 10 75
5 11 646
5 12 268
5 13 689
5 14 597
5 15 888
5 16 484
5 17 932
5 18 516
5 19 1000
5 20 270
5 21 153
5 22 583
5 23 843
5 24 465
5 25 588
5 26 744
5 27 890
5 28 588
5 29 727
5 30 918
5 31 301
5 32 597
5 33 343
5 34 306
5 35 214
5 36 766
5 37 64
5 38 865
5 39 159
5 40 796
5 41 561
5 42 457
5 43 873
5 44 198
5 45 384
5 46 381
5 47 668
5 48 738
5 49 87
5 50 188
5 51 368
5 52 627
5 53 473
5 54 356
5 55 976
5 56 770
5 57 430
5 58 200
5 59 626
5 60 140
5 61 699
5 62 270
5 63 974
5 64 909
5 65 542
5 66 804
5 67 343
5 68 467
5 69 945
5 70 229
5 71 430
5 72 462
5 73 636
5 74 165
5 75 739
5 76 663
5 77 557
5 78 975
5 79 164
5 80 729
5 81 551
5 82 365
5 83 112
5 84 764
5 85 888
5 86 556
5 87 364
5 88 882
5 89 559
5 90 236
5 91 889
5 92 874
5 93 455
5 94 264
5 95 236
5 96 959
5 97 753
5 98 223
5 99 874
6 1 654
6 2 525
6 3 972
6 4 428
6 5 797
6 7 867
6 8 65
6 9 76
6 10 361
6 11 648
6 12 708
6 13 936
6 14 963
6 15 617
6 16 715
6 17 345
6 18 923
6 19 881
6 20 448
6 21 520
6 22 812
6 23 385
6 24 560
6 25 263
6 26 493
6 27 99
6 28 74
6 29 189
6 30 176
6 31 654
6 32 938
6 33 309
6 34 333
6 35 140
6 36 223
6 37 242
6 38 988
6 39 758
6 40 598
6 41 69
6 42 313
6 43 635
6 44 839
6 45 729
6 46 657
6 47 131
6 48 907
6 49 441
6 50 227
6 51 188
6 52 999
6 53 787
6 54 754
6 55 760
6 56 302
6 57 982
6 58 299
6 59 457
6 60 378
6 61 105
6 62 496
6 63 807
6 64 631
6 65 196
6 66 431
6 67 521
6 68 961
6 69 228
6 70 926
6 71 536
6 72 109
6 73 696
6 74 208
6 75 800
6 76 383
6 77 907
6 78 884
6 79 600
6 80 128
6 81 433
6 82 475
6 83 330
6 84 511
6 85 270
6 86 901
6 87 798
6 88 979
6 89 64
6 90 481
6 91 170
6 92 749
6 93 917
6 94 294
6 95 52
6 96 778
6 97 909
6 98 383
6 99 293
7 1 843
7 2 368
7 3 681
7 4 88
7 5 501
7 6 867
7 8 237
7 9 282
7 10 580
7 11 828
7 12 446
7 13 816
7 14 292
7 15 415
7 16 831
7 17 363
7 18 560
7 19 251
7 20 204
7 21 480
7 22 608
7 23 160
7 24 839
7 25 706
7 26 233
7 27 787
7 28 451
7 29 661
7 30 91
7 31 227
7 32 778
7 33 98
7 34 885
7 35 264
7 36 639
7 37 147
7 38 559
7 39 545
7 40 615
7 41 633
7 42 493
7 43 887
7 44 969
7 45 366
7 46 944
7 47 560
7 48 876
7 49 103
7 50 809
7 51 457
7 52 110
7 53 331
7 54 527
7 55 493
7 56 676
7 57 627
7 58 959
7 59 196
7 60 901
7 61 799
7 62 78
7 63 69
7 64 182
7 65 946
7 66 594
7 67 394
7 68 697
7 69 710
7 70 234
7 71 976
7 72 410
7 73 967
7 74 843
7 75 346
7 76 175
7 77 733
7 78 571
7 79 784
7 80 817
7 81 230
7 82 238
7 83 203
7 84 657
7 85 132
7 86 158
7 87 180
7 88 402
7 89 499
7 90 754
7 91 657
7 92 68
7 93 915
7 94 663
7 95 467
7 96 345
7 97 459
7 98 398
7 99 321
8 1 829
8 2 424
8 3 286
8 4 153
8 5 918
8 6 65
8 7 237
8 9 97
8 10 649
8 11 375
8 12 851
8 13 347
8 14 283
8 15 956
8 16 833
8 17 644
8 18 578
8 19 305
8 20 259
8 21 263
8 22 732
8 23 428
8 24 194
8 25 221
8 26 268
8 27 108
8 28 971
8 29 534
8 30 493
8 31 927
8 32 175
8 33 113
8 34 806
8 35 412
8 36 829
8 37 891
8 38 821
8 39 791
8 40 97
8 41 598
8 42 182
8 43 686
8 44 194
8 45 210
8 46 613
8 47 492
8 48 971
8 49 495
8 50 946
8 51 258
8 52 652
8 53 153
8 54 256
8 55 104
8 56 941
8 57 206
8 58 391
8 59 748
8 60 551
8 61 656
8 62 299
8 63 82
8 64 803
8 65 394
8 66 921
8 67 589
8 68 998
8 69 457
8 70 563
8 71 687
8 72 101
8 73 332
8 74 951
8 75 356
8 76 715
8 77 485
8 78 167
8 79 408
8 80 842
8 81 521
8 82 970
8 83 985
8 84 297
8 85 715
8 86 593
8 87 115
8 88 497
8 89 393
8 90 364
8 91 429
8 92 910
8 93 673
8 94 989
8 95 603
8 96 197
8 97 745
8 98 204
8 99 120
9 1 133
9 2 475
9 3 453
9 4 708
9 5 728
9 6 76
9 7 282
9 8 97
9 10 662
9 11 816
9 12 642
9 13 127
9 14 877
9 15 769
9 16 74
9 17 195
9 18 599
9 19 766
9 20 865
9 21 760
9 22 950
9 23 340
9 24 603
9 25 697
9 26 777
9 27 888
9 28 584
9 29 642
9 30 891
9 31 924
9 32 131
9 33 889
9 34 251
9 35 108
9 36 229
9 37 645
9 38 802
9 39 673
9 40 994
9 41 972
9 42 503
9 43 490
9 44 791
9 45 143
9 46 55
9 47 390
9 48 665
9 49 369
9 50 200
9 51 910
9 52 501
9 53 527
9 54 507
9 55 599
9 56 99
9 57 197
9 58 306
9 59 693
9 60 613
9 61 689
9 62 926
9 63 120
9 64 459
9 65 263
9 66 716
9 67 364
9 68 953
9 69 610
9 70 881
9 71 477
9 72 275
9 73 909
9 74 73
9 75 953
9 76 181
9 77 981
9 78 247
9 79 593
9 80 245
9 81 149
9 82 512
9 83 383
9 84 835
9 85 927
9 86 920
9 87 966
9 88 849
9 89 681
9 90 449
9 91 186
9 92 204
9 93 114
9 94 295
9 95 349
9 96 453
9 97 95
9 98 707
9 99 506
10 1 706
10 2 996
10 3 268
10 4 421
10 5 75
10 6 361
10 7 580
10 8 649
10 9 662
10 11 318
10 12 598
10 13 443
10 14 818
10 15 573
10 16 728
10 17 86
10 18 677
10 19 156
10 20 73
10 21 512
10 22 473
10 23 408
10 24 134
10 25 877
10 26 690
10 27 711
10 28 183
10 29 315
10 30 956
10 31 112
10 32 587
10 33 848
10 34 535
10 35 273
10 36 145
10 37 731
10 38 695
10 39 96
10 40 254
10 41 400
10 42 377
10 43 550
10 44 208
10 45 434
10 46 977
10 47 528
10 48 884
10 49 254
10 50 692
10 51 916
10 52 625
10 53 299
10 54 978
10 55 905
10 56 540
10 57 696
10 58 911
10 59 60
10 60 682
10 61 936
10 62 362
10 63 272
10 64 905
10 65 629
10 66 607
10 67 962
10 68 980
10 69 777
10 70 428
10 71 411
10 72 889
10 73 676
10 74 715
10 75 673
10 76 267
10 77 77
10 78 909
10 79 747
10 80 103
10 81 857
10 82 481
10 83 742
10 84 693
10 85 524
10 86 527
10 87 334
10 88 206
10 89 934
10 90 705
10 91 866
10 92 241
10 93 255
10 94 140
10 95 346
10 96 108
10 97 874
10 98 550
10 99 92
11 1 899
11 2 720
11 3 858
11 4 562
11 5 646
11 6 648
11 7 828
11 8 375
11 9 816
11 10 318
11 12 474
11 13 788
11 14 428
11 15 74
11 16 476
11 17 151
11 18 837
11 19 986
11 20 942
11 21 868
11 22 100
11 23 859
11 24 284
11 25 418
11 26 768
11 27 729
11 28 484
11 29 614
11 30 997
11 31 313
11 32 660
11 33 698
11 34 345
11 35 909
11 36 605
11 37 157
11 38 395
11 39 607
11 40 913
11 41 600
11 42 426
11 43 887
11 44 631
11 45 602
11 46 922
11 47 486
11 48 514
11 49 677
11 50 228
11 51 392
11 52 746
11 53 672
11 54 690
11 55 287
11 56 887
11 57 693
11 58 307
11 59 148
11 60 123
11 61 391
11 62 982
11 63 436
11 64 242
11 65 915
11 66 139
11 67 769
11 68 910
11 69 690
11 70 848
11 71 987
11 72 697
11 73 200
11 74 703
11 75 920
11 76 765
11 77 902
11 78 254
11 79 249
11 80 538
11 81 521
11 82 63
11 83 100
11 84 338
11 85 311
11 86 269
11 87 228
11 88 454
11 89 515
11 90 654
11 91 295
11 92 683
11 93 94
11 94 975
11 95 841
11 96 51
11 97 184
11 98 441
11 99 188
12 1 170
12 2 763
12 3 640
12 4 206
12 5 268
12 6 708
12 7 446
12 8 851
12 9 642
12 10 598
12 11 474
12 13 408
12 14 706
12 15 70
12 16 571
12 17 869
12 18 673
12 19 661
12 20 541
12 21 146
12 22 935
12 23 806
12 24 509
12 25 114
12 26 298
12 27 455
12 28 876
12 29 189
12 30 673
12 31 680
12 32 824
12 33 944
12 34 762
12 35 764
12 36 152
12 37 298
12 38 560
12 39 221
12 40 111
12 41 761
12 42 465
12 43 950
12 44 499
12 45 65
12 46 653
12 47 643
12 48 158
12 49 500
12 50 801
12 51 90
12 52 176
12 53 651
12 54 386
12 55 935
12 56 533
12 57 175
12 58 227
12 59 810
12 60 464
12 61 128
12 62 243
12 63 125
12 64 75
12 65 135
12 66 416
12 67 759
12 68 200
12 69 209
12 70 991
12 71 371
12 72 185
12 73 345
12 74 813
12 75 89
12 76 160
12 77 803
12 78 990
12 79 836
12 80 206
12 81 832
12 82 317
12 83 85
12 84 553
12 85 438
12 86 950
12 87 55
12 88 689
12 89 308
12 90 669
12 91 815
12 92 760
12 93 307
12 94 616
12 95 894
12 96 458
12 97 441
12 98 804
12 99 289
13 1 812
13 2 915
13 3 472
13 4 508
13 5 689
13 6 936
13 7 816
13 8 347
13 9 127
13 10 443
13 11 788
13 12 408
13 14 401
13 15 664
13 16 298
13 17 723
13 18 423
13 19 983
13 20 556
13 21 728
13 22 851
13 23 879
13 24 216
13 25 549
13 26 170
13 27 938
13 28 96
13 29 713
13 30 840
13 31 122
13 32 294
13 33 516
13 34 541
13 35 470
13 36 756
13 37 122
13 38 627
13 39 613
13 40 622
13 41 258
13 42 301
13 43 313
13 44 549
13 45 948
13 46 501
13 47 559
13 48 690
13 49 808
13 50 453
13 51 688
13 52 997
13 53 971
13 54 701
13 55 244
13 56 936
13 57 160
13 58 484
13 59 317
13 60 711
13 61 991
13 62 63
13 63 581
13 64 84
13 65 871
13 66 73
13 67 456
13 68 530
13 69 436
13 70 128
13 71 93
13 72 761
13 73 825
13 74 433
13 75 130
13 76 615
13 77 888
13 78 713
13 79 368
13 80 560
13 81 895
13 82 266
13 83 63
13 84 750
13 85 569
13 86 508
13 87 96
13 88 394
13 89 354
13 90 350
13 91 875
13 92 276
13 93 130
13 94 491
13 95 530
13 96 598
13 97 720
13 98 904
13 99 701
14 1 595
14 2 175
14 3 681
14 4 164
14 5 597
14 6 963
14 7 292
14 8 283
14 9 877
14 10 818
14 11 428
14 12 706
14 13 401
14 15 927
14 16 152
14 17 532
14 18 267
14 19 606
14 20 247
14 21 261
14 22 216
14 23 75
14 24 174
14 25 890
14 26 969
14 27 547
14 28 89
14 29 646
14 30 99
14 31 659
14 32 269
14 33 262
14 34 770
14 35 362
14 36 84
14 37 676
14 38 366
14 39 53
14 40 366
14 41 981
14 42 102
14 43 470
14 44 713
14 45 978
14 46 231
14 47 771
14 48 735
14 49 249
14 50 620
14 51 319
14 52 850
14 53 795
14 54 488
14 55 146
14 56 462
14 57 430
14 58 76
14 59 472
14 60 434
14 61 732
14 62 816
14 63 74
14 64 354
14 65 232
14 66 727
14 67 569
14 68 598
14 69 289
14 70 556
14 71 902
14 72 156
14 73 358
14 74 769
14 75 374
14 76 455
14 77 934
14 78 828
14 79 725
14 80 231
14 81 571
14 82 249
14 83 288
14 84 410
14 85 877
14 86 209
14 87 552
14 88 67
14 89 759
14 90 808
14 91 955
14 92 278
14 93 558
14 94 580
14 95 464
14 96 678
14 97 327
14 98 914
14 99 950
15 1 797
15 2 395
15 3 628
15 4 231
15 5 888
15 6 617
15 7 415
15 8 956
15 9 769
15 10 573
15 11 74
15 12 70
15 13 664
15 14 927
15 16 978
15 17 776
15 18 793
15 19 467
15 20 211
15 21 292
15 22 924
15 23 571
15 24 495
15 25 714
15 26 262
15 27 220
15 28 395
15 29 239
15 30 119
15 31 823
15 32 712
15 33 265
15 34 541
15 35 550
15 36 504
15 37 757
15 38 422
15 39 606
15 40 657
15 41 123
15 42 776
15 43 879
15 44 624
15 45 434
15 46 962
15 47 717
15 48 788
15 49 685
15 50 821
15 51 712
15 52 519
15 53 123
15 54 979
15 55 114
15 56 107
15 57 600
15 58 649
15 59 418
15 60 951
15 61 980
15 62 285
15 63 660
15 64 578
15 65 680
15 66 212
15 67 129
15 68 797
15 69 393
15 70 214
15 71 592
15 72 239
15 73 693
15 74 841
15 75 346
15 76 432
15 77 965
15 78 858
15 79 734
15 80 70
15 81 460
15 82 301
15 83 397
15 84 329
15 85 99
15 86 333
15 87 869
15 88 292
15 89 594
15 90 773
15 91 585
15 92 603
15 93 553
15 94 970
15 95 75
15 96 869
15 97 140
15 98 269
15 99 304
16 1 856
16 2 102
16 3 578
16 4 207
16 5 484
16 6 715
16 7 831
16 8 833
16 9 74
16 10 728
16 11 476
16 12 571
16 13 298
16 14 152
16 15 978
16 17 994
16 18 973
16 19 804
16 20 613
16 21 69
16 22 878
16 23 155
16 24 491
16 25 776
16 26 670
16 27 871
16 28 450
16 29 498
16 30 336
16 31 797
16 32 734
16 33 272
16 34 259
16 35 785
16 36 88
16 37 576
16 38 632
16 39 74
16 40 62
16 41 463
16 42 833
16 43 962
16 44 880
16 45 229
16 46 834
16 47 52
16 48 243
16 49 941
16 50 509
16 51 414
16 52 958
16 53 204
16 54 397
16 55 902
16 56 557
16 57 867
16 58 842
16 59 295
16 60 186
16 61 94
16 62 381
16 63 188
16 64 622
16 65 261
16 66 224
16 67 351
16 68 787
16 69 686
16 70 824
16 71 870
16 72 395
16 73 596
16 74 653
16 75 687
16 76 939
16 77 803
16 78 301
16 79 690
16 80 263
16 81 427
16 82 713
16 83 620
16 84 512
16 85 82
16 86 734
16 87 198
16 88 613
16 89 274
16 90 378
16 91 417
16 92 931
16 93 376
16 94 526
16 95 971
16 96 794
16 97 642
16 98 942
16 99 805
17 1 719
17 2 332
17 3 319
17 4 79
17 5 932
17 6 345
17 7 363
17 8 644
17 9 195
17 10 86
17 11 151
17 12 869
17 13 723
17 14 532
17 15 776
17 16 994
17 18 934
17 19 512
17 20 270
17 21 975
17 22 352
17 23 642
17 24 841
17 25 737
17 26 666
17 27 777
17 28 425
17 29 78
17 30 587
17 31 57
17 32 757
17 33 499
17 34 561
17 35 309
17 36 89
17 37 284
17 38 745
17 39 338
17 40 441
17 41 674
17 42 224
17 43 527
17 44 126
17 45 854
17 46 512
17 47 460
17 48 95
17 49 990
17 50 628
17 51 688
17 52 526
17 53 342
17 54 377
17 55 83
17 56 300
17 57 517
17 58 216
17 59 76
17 60 928
17 61 131
17 62 760
17 63 389
17 64 762
17 65 976
17 66 52
17 67 781
17 68 649
17 69 991
17 70 459
17 71 611
17 72 683
17 73 372
17 74 881
17 75 214
17 76 728
17 77 241
17 78 438
17 79 192
17 80 742
17 81 368
17 82 636
17 83 857
17 84 164
17 85 263
17 86 395
17 87 819
17 88 846
17 89 215
17 90 842
17 91 407
17 92 217
17 93 621
17 94 272
17 95 146
17 96 630
17 97 889
17 98 460
17 99 601
18 1 96
18 2 612
18 3 972
18 4 232
18 5 516
18 6 923
18 7 560
18 8 578
18 9 599
18 10 677
18 11 837
18 12 673
18 13 423
18 14 267
18 15 793
18 16 973
18 17 934
18 19 653
18 20 397
18 21 477
18 22 630
18 23 806
18 24 959
18 25 722
18 26 822
18 27 744
18 28 92
18 29 182
18 30 245
18 31 796
18 32 411
18 33 806
18 34 327
18 35 290
18 36 891
18 37 768
18 38 204
18 39 491
18 40 757
18 41 720
18 42 248
18 43 580
18 44 77
18 45 555
18 46 894
18 47 747
18 48 395
18 49 199
18 50 509
18 51 666
18 52 827
18 53 259
18 54 970
18 55 671
18 56 528
18 57 228
18 58 367
18 59 99
18 60 236
18 61 133
18 62 373
18 63 720
18 64 844
18 65 787
18 66 605
18 67 665
18 68 708
18 69 755
18 70 336
18 71 430
18 72 633
18 73 81
18 74 709
18 75 394
18 76 873
18 77 467
18 78 93
18 79 878
18 80 279
18 81 546
18 82 330
18 83 370
18 84 71
18 85 140
18 86 586
18 87 772
18 88 77
18 89 498
18 90 612
18 91 634
18 92 346
18 93 606
18 94 449
18 95 615
18 96 502
18 97 875
18 98 60
18 99 962
19 1 242
19 2 595
19 3 855
19 4 617
19 5 1000
19 6 881
19 7 251
19 8 305
19 9 766
19 10 156
19 11 986
19 12 661
19 13 983
19 14 606
19 15 467
19 16 804
19 17 512
19 18 653
19 20 982
19 21 698
19 22 189
19 23 166
19 24 617
19 25 560
19 26 773
19 27 938
19 28 800
19 29 530
19 30 375
19 31 231
19 32 152
19 33 511
19 34 130
19 35 291
19 36 475
19 37 997
19 38 245
19 39 682
19 40 904
19 41 812
19 42 249
19 43 623
19 44 751
19 45 351
19 46 137
19 47 924
19 48 934
19 49 513
19 50 340
19 51 493
19 52 749
19 53 97
19 54 413
19 55 615
19 56 695
19 57 153
19 58 394
19 59 80
19 60 451
19 61 397
19 62 988
19 63 209
19 64 369
19 65 491
19 66 404
19 67 794
19 68 838
19 69 219
19 70 559
19 71 890
19 72 455
19 73 643
19 74 168
19 75 632
19 76 311
19 77 129
19 78 736
19 79 470
19 80 904
19 81 971
19 82 316
19 83 545
19 84 588
19 85 79
19 86 625
19 87 911
19 88 968
19 89 284
19 90 628
19 91 908
19 92 476
19 93 795
19 94 729
19 95 634
19 96 154
19 97 457
19 98 544
19 99 345
20 1 147
20 2 678
20 3 829
20 4 537
20 5 270
20 6 448
20 7 204
20 8 259
20 9 865
20 10 73
20 11 942
20 12 541
20 13 556
20 14 247
20 15 211
20 16 613
20 17 270
20 18 397
20 19 982
20 21 958
20 22 265
20 23 870
20 24 665
20 25 243
20 26 927
20 27 155
20 28 194
20 29 809
20 30 320
20 31 231
20 32 138
20 33 783
20 34 666
20 35 189
20 36 328
20 37 735
20 38 569
20 39 337
20 40 384
20 41 830
20 42 106
20 43 545
20 44 378
20 45 103
20 46 385
20 47 515
20 48 312
20 49 248
20 50 741
20 51 954
20 52 50
20 53 523
20 54 847
20 55 130
20 56 341
20 57 299
20 58 388
20 59 407
20 60 909
20 61 437
20 62 945
20 63 152
20 64 458
20 65 352
20 66 650
20 67 389
20 68 649
20 69 970
20 70 699
20 71 197
20 72 737
20 73 581
20 74 547
20 75 317
20 76 954
20 77 634
20 78 522
20 79 338
20 80 792
20 81 674
20 82 70
20 83 232
20 84 688
20 85 639
20 86 829
20 87 767
20 88 333
20 89 618
20 90 260
20 91 540
20 92 133
20 93 325
20 94 271
20 95 741
20 96 647
20 97 526
20 98 424
20 99 557
21 1 519
21 2 432
21 3 667
21 4 907
21 5 153
21 6 520
21 7 480
21 8 263
21 9 760
21 10 512
21 11 868
21 12 146
21 13 728
21 14 261
21 15 292
21 16 69
21 17 975
21 18 477
21 19 698
21 20 958
21 22 586
21 23 773
21 24 557
21 25 585
21 26 221
21 27 104
21 28 613
21 29 522
21 30 985
21 31 117
21 32 655
21 33 461
21 34 363
21 35 575
21 36 296
21 37 874
21 38 677
21 39 947
21 40 882
21 41 258
21 42 809
21 43 525
21 44 863
21 45 91
21 46 156
21 47 179
21 48 74
21 49 574
21 50 242
21 51 530
21 52 988
21 53 537
21 54 956
21 55 917
21 56 581
21 57 772
21 58 856
21 59 715
21 60 760
21 61 706
21 62 930
21 63 573
21 64 927
21 65 472
21 66 844
21 67 513
21 68 119
21 69 666
21 70 924
21 71 991
21 72 139
21 73 695
21 74 537
21 75 50
21 76 661
21 77 91
21 78 923
21 79 642
21 80 485
21 81 199
21 82 901
21 83 536
21 84 820
21 85 630
21 86 657
21 87 232
21 88 381
21 89 862
21 90 477
21 91 510
21 92 490
21 93 99
21 94 548
21 95 743
21 96 387
21 97 214
21 98 576
21 99 416
22 1 594
22 2 110
22 3 93
22 4 318
22 5 583
22 6 812
22 7 608
22 8 732
22 9 950
22 10 473
22 11 100
22 12 935
22 13 851
22 14 216
22 15 924
22 16 878
22 17 352
22 18 630
22 19 189
22 20 265
22 21 586
22 23 276
22 24 919
22 25 494
22 26 747
22 27 392
22 28 218
22 29 248
22 30 187
22 31 791
22 32 881
22 33 283
22 34 614
22 35 891
22 36 315
22 37 414
22 38 809
22 39 273
22 40 912
22 41 983
22 42 997
22 43 119
22 44 52
22 45 489
22 46 464
22 47 960
22 48 702
22 49 83
22 50 138
22 51 297
22 52 661
22 53 931
22 54 830
22 55 339
22 56 833
22 57 573
22 58 912
22 59 745
22 60 186
22 61 860
22 62 375
22 63 216
22 64 887
22 65 628
22 66 205
22 67 741
22 68 683
22 69 589
22 70 753
22 71 223
22 72 357
22 73 920
22 74 58
22 75 931
22 76 528
22 77 562
22 78 975
22 79 383
22 80 990
22 81 947
22 82 178
22 83 268
22 84 777
22 85 433
22 86 296
22 87 689
22 88 915
22 89 253
22 90 303
22 91 255
22 92 756
22 93 618
22 94 610
22 95 765
22 96 322
22 97 681
22 98 429
22 99 956
23 1 353
23 2 990
23 3 529
23 4 990
23 5 843
23 6 385
23 7 160
23 8 428
23 9 340
23 10 408
23 11 859
23 12 806
23 13 879
23 14 75
23 15 571
23 16 155
23 17 642
23 18 806
23 19 166
23 20 870
23 21 773
23 22 276
23 24 462
23 25 200
23 26 260
23 27 553
23 28 772
23 29 781
23 30 200
23 31 653
23 32 285
23 33 482
23 34 337
23 35 170
23 36 416
23 37 534
23 38 129
23 39 598
23 40 844
23 41 754
23 42 654
23 43 608
23 44 449
23 45 786
23 46 537
23 47 321
23 48 301
23 49 934
23 50 984
23 51 496
23 52 963
23 53 818
23 54 951
23 55 257
23 56 808
23 57 140
23 58 986
23 59 774
23 60 900
23 61 250
23 62 564
23 63 371
23 64 161
23 65 705
23 66 660
23 67 408
23 68 718
23 69 932
23 70 767
23 71 887
23 72 696
23 73 526
23 74 278
23 75 592
23 76 922
23 77 636
23 78 300
23 79 894
23 80 493
23 81 875
23 82 409
23 83 908
23 84 997
23 85 934
23 86 838
23 87 286
23 88 344
23 89 784
23 90 54
23 91 784
23 92 555
23 93 975
23 94 360
23 95 685
23 96 973
23 97 789
23 98 280
23 99 721
24 1 387
24 2 159
24 3 237
24 4 468
24 5 465
24 6 560
24 7 839
24 8 194
24 9 603
24 10 134
24 11 284
24 12 509
24 13 216
24 14 174
24 15 495
24 16 491
24 17 841
24 18 959
24 19 617
24 20 665
24 21 557
24 22 919
24 23 462
24 25 799
24 26 683
24 27 752
24 28 660
24 29 975
24 30 471
24 31 490
24 32 424
24 33 225
24 34 1000
24 35 711
24 36 494
24 37 826
24 38 366
24 39 347
24 40 671
24 41 684
24 42 153
24 43 605
24 44 885
24 45 514
24 46 494
24 47 69
24 48 957
24 49 631
24 50 941
24 51 937
24 52 354
24 53 378
24 54 491
24 55 612
24 56 696
24 57 880
24 58 354
24 59 483
24 60 707
24 61 128
24 62 248
24 63 337
24 64 767
24 65 494
24 66 457
24 67 776
24 68 875
24 69 818
24 70 962
24 71 985
24 72 705
24 73 111
24 74 986
24 75 821
24 76 512
24 77 478
24 78 706
24 79 900
24 80 932
24 81 548
24 82 428
24 83 983
24 84 822
24 85 155
24 86 111
24 87 931
24 88 474
24 89 462
24 90 879
24 91 69
24 92 334
24 93 263
24 94 77
24 95 418
24 96 508
24 97 60
24 98 243
24 99 806
25 1 896
25 2 702
25 3 85
25 4 796
25 5 588
25 6 263
25 7 706
25 8 221
25 9 697
25 10 877
25 11 418
25 12 114
25 13 549
25 14 890
25 15 714
25 16 776
25 17 737
25 18 722
25 19 560
25 20 243
25 21 585
25 22 494
25 23 200
25 24 799
25 26 963
25 27 114
25 28 347
25 29 737
25 30 917
25 31 986
25 32 251
25 33 108
25 34 333
25 35 77
25 36 292
25 37 490
25 38 794
25 39 739
25 40 687
25 41 538
25 42 276
25 43 121
25 44 560
25 45 229
25 46 994
25 47 467
25 48 629
25 49 397
25 50 476
25 51 168
25 52 640
25 53 766
25 54 118
25 55 504
25 56 375
25 57 109
25 58 215
25 59 315
25 60 814
25 61 415
25 62 638
25 63 161
25 64 938
25 65 666
25 66 272
25 67 225
25 68 307
25 69 513
25 70 886
25 71 528
25 72 748
25 73 499
25 74 746
25 75 483
25 76 675
25 77 50
25 78 282
25 79 590
25 80 109
25 81 575
25 82 537
25 83 399
25 84 360
25 85 70
25 86 179
25 87 660
25 88 746
25 89 271
25 90 895
25 91 301
25 92 891
25 93 66
25 94 505
25 95 410
25 96 277
25 97 97
25 98 643
25 99 660
26 1 800
26 2 531
26 3 157
26 4 254
26 5 744
26 6 493
26 7 233
26 8 268
26 9 777
26 10 690
26 11 768
26 12 298
26 13 170
26 14 969
26 15 262
26 16 670
26 17 666
26 18 822
26 19 773
26 20 927
26 21 221
26 22 747
26 23 260
26 24 683
26 25 963
26 27 234
26 28 480
26 29 761
26 30 702
26 31 180
26 32 134
26 33 206
26 34 538
26 35 503
26 36 646
26 37 661
26 38 737
26 39 608
26 40 968
26 41 423
26 42 783
26 43 842
26 44 109
26 45 554
26 46 700
26 47 315
26 48 786
26 49 598
26 50 786
26 51 586
26 52 793
26 53 528
26 54 208
26 55 421
26 56 714
26 57 129
26 58 99
26 59 508
26 60 268
26 61 230
26 62 401
26 63 322
26 64 660
26 65 899
26 66 591
26 67 458
26 68 950
26 69 103
26 70 865
26 71 173
26 72 823
26 73 320
26 74 341
26 75 902
26 76 819
26 77 343
26 78 705
26 79 164
26 80 191
26 81 480
26 82 916
26 83 605
26 84 361
26 85 437
26 86 640
26 87 277
26 88 200
26 89 656
26 90 303
26 91 68
26 92 492
26 93 984
26 94 502
26 95 276
26 96 293
26 97 446
26 98 823
26 99 834
27 1 349
27 2 981
27 3 187
27 4 947
27 5 890
27 6 99
27 7 787
27 8 108
27 9 888
27 10 711
27 11 729
27 12 455
27 13 938
27 14 547
27 15 220
27 16 871
27 17 777
27 18 744
27 19 938
27 20 155
27 21 104
27 22 392
27 23 553
27 24 752
27 25 114
27 26 234
27 28 304
27 29 606
27 30 747
27 31 278
27 32 58
27 33 437
27 34 564
27 35 280
27 36 493
27 37 360
27 38 494
27 39 160
27 40 582
27 41 995
27 42 916
27 43 919
27 44 277
27 45 992
27 46 686
27 47 976
27 48 924
27 49 640
27 50 897
27 51 791
27 52 232
27 53 421
27 54 477
27 55 186
27 56 841
27 57 111
27 58 274
27 59 999
27 60 200
27 61 207
27 62 292
27 63 647
27 64 873
27 65 888
27 66 662
27 67 277
27 68 833
27 69 574
27 70 819
27 71 806
27 72 981
27 73 126
27 74 817
27 75 184
27 76 605
27 77 638
27 78 761
27 79 206
27 80 705
27 81 973
27 82 954
27 83 177
27 84 216
27 85 933
27 86 71
27 87 119
27 88 165
27 89 247
27 90 977
27 91 848
27 92 896
27 93 602
27 94 495
27 95 629
27 96 698
27 97 425
27 98 662
27 99 530
28 1 69
28 2 492
28 3 872
28 4 133
28 5 588
28 6 74
28 7 451
28 8 971
28 9 584
28 10 183
28 11 484
28 12 876
28 13 96
28 14 89
28 15 395
28 16 450
28 17 425
28 18 92
28 19 800
28 20 194
28 21 613
28 22 218
28 23 772
28 24 660
28 25 347
28 26 480
28 27 304
28 29 281
28 30 443
28 31 154
28 32 798
28 33 541
28 34 203
28 35 686
28 36 370
28 37 832
28 38 777
28 39 440
28 40 610
28 41 609
28 42 78
28 43 125
28 44 774
28 45 157
28 46 928
28 47 285
28 48 382
28 49 716
28 50 777
28 51 225
28 52 860
28 53 285
28 54 549
28 55 784
28 56 510
28 57 281
28 58 366
28 59 547
28 60 657
28 61 288
28 62 725
28 63 537
28 64 388
28 65 914
28 66 760
28 67 66
28 68 561
28 69 285
28 70 634
28 71 240
28 72 464
28 73 940
28 74 636
28 75 942
28 76 993
28 77 474
28 78 700
28 79 754
28 80 554
28 81 947
28 82 977
28 83 556
28 84 995
28 85 611
28 86 930
28 87 436
28 88 67
28 89 251
28 90 787
28 91 675
28 92 907
28 93 187
28 94 722
28 95 348
28 96 699
28 97 742
28 98 856
28 99 919
29 1 175
29 2 201
29 3 343
29 4 816
29 5 727
29 6 189
29 7 661
29 8 534
29 9 642
29 10 315
29 11 614
29 12 189
29 13 713
29 14 646
29 15 239
29 16 498
29 17 78
29 18 182
29 19 530
29 20 809
29 21 522
29 22 248
29 23 781
29 24 975
29 25 737
29 26 761
29 27 606
29 28 281
29 30 613
29 31 596
29 32 62
29 33 499
29 34 141
29 35 352
29 36 882
29 37 582
29 38 965
29 39 769
29 40 50
29 41 930
29 42 297
29 43 204
29 44 263
29 45 634
29 46 529
29 47 198
29 48 388
29 49 323
29 50 175
29 51 620
29 52 494
29 53 999
29 54 318
29 55 768
29 56 197
29 57 785
29 58 143
29 59 277
29 60 595
29 61 978
29 62 640
29 63 480
29 64 486
29 65 244
29 66 408
29 67 180
29 68 264
29 69 657
29 70 718
29 71 670
29 72 511
29 73 750
29 74 784
29 75 659
29 76 396
29 77 536
29 78 806
29 79 737
29 80 457
29 81 642
29 82 362
29 83 367
29 84 91
29 85 853
29 86 509
29 87 715
29 88 153
29 89 427
29 90 959
29 91 471
29 92 843
29 93 492
29 94 722
29 95 611
29 96 583
29 97 737
29 98 912
29 99 823
30 1 994
30 2 170
30 3 567
30 4 896
30 5 918
30 6 176
30 7 91
30 8 493
30 9 891
30 10 956
30 11 997
30 12 673
30 13 840
30 14 99
30 15 119
30 16 336
30 17 587
30 18 245
30 19 375
30 20 320
30 21 985
30 22 187
30 23 200
30 24 471
30 25 917
30 26 702
30 27 747
30 28 443
30 29 613
30 31 665
30 32 188
30 33 240
30 34 185
30 35 629
30 36 970
30 37 674
30 38 900
30 39 169
30 40 149
30 41 110
30 42 806
30 43 799
30 44 872
30 45 326
30 46 90
30 47 965
30 48 127
30 49 342
30 50 429
30 51 588
30 52 205
30 53 727
30 54 92
30 55 357
30 56 540
30 57 979
30 58 829
30 59 581
30 60 737
30 61 125
30 62 961
30 63 556
30 64 180
30 65 276
30 66 971
30 67 509
30 68 930
30 69 632
30 70 178
30 71 865
30 72 107
30 73 737
30 74 634
30 75 719
30 76 841
30 77 411
30 78 361
30 79 965
30 80 438
30 81 629
30 82 980
30 83 781
30 84 621
30 85 990
30 86 843
30 87 830
30 88 604
30 89 762
30 90 793
30 91 556
30 92 940
30 93 382
30 94 839
30 95 392
30 96 395
30 97 484
30 98 355
30 99 693
31 1 178
31 2 771
31 3 117
31 4 733
31 5 301
31 6 654
31 7 227
31 8 927
31 9 924
31 10 112
31 11 313
31 12 680
31 13 122
31 14 659
31 15 823
31 16 797
31 17 57
31 18 796
31 19 231
31 20 231
31 21 117
31 22 791
31 23 653
31 24 490
31 25 986
31 26 180
31 27 278
31 28 154
31 29 596
31 30 665
31 32 526
31 33 545
31 34 128
31 35 531
31 36 588
31 37 347
31 38 251
31 39 668
31 40 662
31 41 914
31 42 389
31 43 356
31 44 796
31 45 156
31 46 945
31 47 725
31 48 548
31 49 531
31 50 166
31 51 232
31 52 797
31 53 144
31 54 80
31 55 487
31 56 220
31 57 789
31 58 656
31 59 382
31 60 151
31 61 370
31 62 164
31 63 817
31 64 564
31 65 593
31 66 945
31 67 229
31 68 147
31 69 730
31 70 337
31 71 505
31 72 493
31 73 946
31 74 361
31 75 339
31 76 155
31 77 572
31 78 729
31 79 796
31 80 293
31 81 394
31 82 389
31 83 121
31 84 368
31 85 997
31 86 441
31 87 447
31 88 866
31 89 833
31 90 527
31 91 434
31 92 337
31 93 185
31 94 824
31 95 782
31 96 414
31 97 397
31 98 284
31 99 241
32 1 180
32 2 513
32 3 164
32 4 239
32 5 597
32 6 938
32 7 778
32 8 175
32 9 131
32 10 587
32 11 660
32 12 824
32 13 294
32 14 269
32 15 712
32 16 734
32 17 757
32 18 411
32 19 152
32 20 138
32 21 655
32 22 881
32 23 285
32 24 424
32 25 251
32 26 134
32 27 58
32 28 798
32 29 62
32 30 188
32 31 526
32 33 503
32 34 740
32 35 331
32 36 697
32 37 962
32 38 772
32 39 176
32 40 406
32 41 866
32 42 832
32 43 597
32 44 439
32 45 200
32 46 321
32 47 326
32 48 880
32 49 379
32 50 725
32 51 837
32 52 97
32 53 110
32 54 184
32 55 429
32 56 819
32 57 293
32 58 87
32 59 888
32 60 304
32 61 832
32 62 356
32 63 431
32 64 220
32 65 419
32 66 942
32 67 361
32 68 333
32 69 535
32 70 713
32 71 187
32 72 749
32 73 844
32 74 246
32 75 516
32 76 801
32 77 654
32 78 186
32 79 224
32 80 573
32 81 655
32 82 94
32 83 802
32 84 919
32 85 304
32 86 864
32 87 390
32 88 241
32 89 916
32 90 921
32 91 946
32 92 356
32 93 497
32 94 574
32 95 96
32 96 90
32 97 652
32 98 276
32 99 889
33 1 250
33 2 71
33 3 368
33 4 671
33 5 343
33 6 309
33 7 98
33 8 113
33 9 889
33 10 848
33 11 698
33 12 944
33 13 516
33 14 262
33 15 265
33 16 272
33 17 499
33 18 806
33 19 511
33 20 783
33 21 461
33 22 283
33 23 482
33 24 225
33 25 108
33 26 206
33 27 437
33 28 541
33 29 499
33 30 240
33 31 545
33 32 503
33 34 521
33 35 810
33 36 340
33 37 581
33 38 90
33 39 906
33 40 708
33 41 211
33 42 666
33 43 103
33 44 542
33 45 935
33 46 669
33 47 187
33 48 869
33 49 422
33 50 825
33 51 856
33 52 978
33 53 443
33 54 444
33 55 705
33 56 653
33 57 517
33 58 980
33 59 958
33 60 209
33 61 647
33 62 364
33 63 256
33 64 129
33 65 448
33 66 568
33 67 311
33 68 525
33 69 892
33 70 759
33 71 206
33 72 70
33 73 582
33 74 494
33 75 450
33 76 227
33 77 546
33 78 846
33 79 468
33 80 556
33 81 165
33 82 710
33 83 139
33 84 460
33 85 359
33 86 885
33 87 913
33 88 887
33 89 358
33 90 768
33 91 287
33 92 814
33 93 454
33 94 747
33 95 726
33 96 225
33 97 891
33 98 156
33 99 985
34 1 360
34 2 290
34 3 94
34 4 717
34 5 306
34 6 333
34 7 885
34 8 806
34 9 251
34 10 535
34 11 345
34 12 762
34 13 541
34 14 770
34 15 541
34 16 259
34 17 561
34 18 327
34 19 130
34 20 666
34 21 363
34 22 614
34 23 337
34 24 1000
34 25 333
34 26 538
34 27 564
34 28 203
34 29 141
34 30 185
34 31 128
34 32 740
34 33 521
34 35 170
34 36 750
34 37 211
34 38 78
34 39 510
34 40 569
34 41 132
34 42 95
34 43 196
34 44 276
34 45 673
34 46 198
34 47 707
34 48 325
34 49 259
34 50 95
34 51 720
34 52 430
34 53 149
34 54 543
34 55 311
34 56 747
34 57 651
34 58 592
34 59 595
34 60 208
34 61 139
34 62 335
34 63 113
34 64 354
34 65 706
34 66 444
34 67 590
34 68 991
34 69 846
34 70 151
34 71 303
34 72 370
34 73 941
34 74 671
34 75 733
34 76 853
34 77 720
34 78 372
34 79 92
34 80 891
34 81 224
34 82 341
34 83 765
34 84 838
34 85 868
34 86 183
34 87 986
34 88 785
34 89 808
34 90 460
34 91 867
34 92 972
34 93 178
34 94 353
34 95 912
34 96 742
34 97 627
34 98 936
34 99 979
35 1 254
35 2 446
35 3 57
35 4 611
35 5 214
35 6 140
35 7 264
35 8 412
35 9 108
35 10 273
35 11 909
35 12 764
35 13 470
35 14 362
35 15 550
35 16 785
35 17 309
35 18 290
35 19 291
35 20 189
35 21 575
35 22 891
35 23 170
35 24 711
35 25 77
35 26 503
35 27 280
35 28 686
35 29 352
35 30 629
35 31 531
35 32 331
35 33 810
35 34 170
35 36 441
35 37 391
35 38 821
35 39 465
35 40 107
35 41 158
35 42 831
35 43 853
35 44 193
35 45 313
35 46 135
35 47 607
35 48 809
35 49 533
35 50 462
35 51 285
35 52 549
35 53 256
35 54 226
35 55 385
35 56 320
35 57 936
35 58 531
35 59 231
35 60 629
35 61 196
35 62 104
35 63 778
35 64 812
35 65 529
35 66 776
35 67 699
35 68 182
35 69 418
35 70 282
35 71 529
35 72 920
35 73 732
35 74 978
35 75 469
35 76 73
35 77 187
35 78 227
35 79 918
35 80 994
35 81 651
35 82 714
35 83 878
35 84 145
35 85 390
35 86 808
35 87 544
35 88 988
35 89 543
35 90 553
35 91 434
35 92 515
35 93 582
35 94 760
35 95 861
35 96 682
35 97 599
35 98 95
35 99 283
36 1 868
36 2 415
36 3 217
36 4 626
36 5 766
36 6 223
36 7 639
36 8 829
36 9 229
36 10 145
36 11 605
36 12 152
36 13 756
36 14 84
36 15 504
36 16 88
36 17 89
36 18 891
36 19 475
36 20 328
36 21 296
36 22 315
36 23 416
36 24 494
36 25 292
36 26 646
36 27 493
36 28 370
36 29 882
36 30 970
36 31 588
36 32 697
36 33 340
36 34 750
36 35 441
36 37 982
36 38 373
36 39 508
36 40 616
36 41 220
36 42 212
36 43 298
36 44 118
36 45 245
36 46 257
36 47 822
36 48 298
36 49 186
36 50 450
36 51 916
36 52 699
36 53 944
36 54 312
36 55 636
36 56 101
36 57 259
36 58 450
36 59 633
36 60 947
36 61 489
36 62 888
36 63 79
36 64 323
36 65 945
36 66 649
36 67 934
36 68 443
36 69 626
36 70 933
36 71 78
36 72 363
36 73 634
36 74 332
36 75 445
36 76 117
36 77 778
36 78 715
36 79 427
36 80 346
36 81 159
36 82 960
36 83 981
36 84 418
36 85 951
36 86 770
36 87 609
36 88 835
36 89 758
36 90 140
36 91 162
36 92 800
36 93 245
36 94 400
36 95 380
36 96 538
36 97 768
36 98 761
36 99 892
37 1 427
37 2 714
37 3 796
37 4 513
37 5 64
37 6 242
37 7 147
37 8 891
37 9 645
37 10 731
37 11 157
37 12 298
37 13 122
37 14 676
37 15 757
37 16 576
37 17 284
37 18 768
37 19 997
37 20 735
37 21 874
37 22 414
37 23 534
37 24 826
37 25 490
37 26 661
37 27 360
37 28 832
37 29 582
37 30 674
37 31 347
37 32 962
37 33 581
37 34 211
37 35 391
37 36 982
37 38 859
37 39 555
37 40 412
37 41 591
37 42 239
37 43 51
37 44 157
37 45 336
37 46 483
37 47 789
37 48 393
37 49 738
37 50 616
37 51 549
37 52 824
37 53 810
37 54 723
37 55 991
37 56 754
37 57 401
37 58 919
37 59 344
37 60 630
37 61 477
37 62 895
37 63 111
37 64 233
37 65 508
37 66 55
37 67 444
37 68 842
37 69 454
37 70 549
37 71 641
37 72 211
37 73 750
37 74 893
37 75 583
37 76 193
37 77 465
37 78 650
37 79 194
37 80 243
37 81 759
37 82 167
37 83 197
37 84 413
37 85 762
37 86 907
37 87 909
37 88 348
37 89 435
37 90 396
37 91 210
37 92 917
37 93 757
37 94 188
37 95 403
37 96 614
37 97 957
37 98 366
37 99 539
38 1 301
38 2 391
38 3 126
38 4 584
38 5 865
38 6 988
38 7 559
38 8 821
38 9 802
38 10 695
38 11 395
38 12 560
38 13 627
38 14 366
38 15 422
38 16 632
38 17 745
38 18 204
38 19 245
38 20 569
38 21 677
38 22 809
38 23 129
38 24 366
38 25 794
38 26 737
38 27 494
38 28 777
38 29 965
38 30 900
38 31 251
38 32 772
38 33 90
38 34 78
38 35 821
38 36 373
38 37 859
38 39 854
38 40 900
38 41 294
38 42 79
38 43 734
38 44 822
38 45 375
38 46 899
38 47 153
38 48 457
38 49 84
38 50 153
38 51 997
38 52 683
38 53 321
38 54 450
38 55 202
38 56 893
38 57 273
38 58 352
38 59 749
38 60 507
38 61 838
38 62 968
38 63 759
38 64 194
38 65 143
38 66 81
38 67 569
38 68 67
38 69 554
38 70 752
38 71 679
38 72 477
38 73 187
38 74 300
38 75 970
38 76 955
38 77 926
38 78 447
38 79 669
38 80 908
38 81 682
38 82 310
38 83 215
38 84 751
38 85 360
38 86 870
38 87 609
38 88 177
38 89 294
38 90 920
38 91 623
38 92 327
38 93 740
38 94 268
38 95 996
38 96 630
38 97 462
38 98 324
38 99 244
39 1 269
39 2 108
39 3 368
39 4 283
39 5 159
39 6 758
39 7 545
39 8 791
39 9 673
39 10 96
39 11 607
39 12 221
39 13 613
39 14 53
39 15 606
39 16 74
39 17 338
39 18 491
39 19 682
39 20 337
39 21 947
39 22 273
39 23 598
39 24 347
39 25 739
39 26 608
39 27 160
39 28 440
39 29 769
39 30 169
39 31 668
39 32 176
39 33 906
39 34 510
39 35 465
39 36 508
39 37 555
39 38 854
39 40 127
39 41 357
39 42 240
39 43 79
39 44 636
39 45 336
39 46 223
39 47 803
39 48 130
39 49 796
39 50 237
39 51 218
39 52 385
39 53 801
39 54 747
39 55 167
39 56 243
39 57 987
39 58 798
39 59 993
39 60 439
39 61 545
39 62 299
39 63 293
39 64 782
39 65 82
39 66 136
39 67 882
39 68 486
39 69 600
39 70 370
39 71 528
39 72 400
39 73 930
39 74 876
39 75 768
39 76 503
39 77 610
39 78 542
39 79 929
39 80 127
39 81 391
39 82 913
39 83 276
39 84 841
39 85 853
39 86 622
39 87 629
39 88 250
39 89 346
39 90 313
39 91 445
39 92 857
39 93 127
39 94 943
39 95 52
39 96 933
39 97 919
39 98 719
39 99 844
40 1 988
40 2 229
40 3 238
40 4 548
40 5 796
40 6 598
40 7 615
40 8 97
40 9 994
40 10 254
40 11 913
40 12 111
40 13 622
40 14 366
40 15 657
40 16 62
40 17 441
40 18 757
40 19 904
40 20 384
40 21 882
40 22 912
40 23 844
40 24 671
40 25 687
40 26 968
40 27 582
40 28 610
40 29 50
40 30 149
40 31 662
40 32 406
40 33 708
40 34 569
40 35 107
40 36 616
40 37 412
40 38 900
40 39 127
40 41 220
40 42 749
40 43 989
40 44 456
40 45 430
40 46 339
40 47 421
40 48 261
40 49 520
40 50 798
40 51 227
40 52 139
40 53 638
40 54 815
40 55 466
40 56 310
40 57 726
40 58 976
40 59 593
40 60 427
40 61 851
40 62 910
40 63 453
40 64 860
40 65 558
40 66 141
40 67 68
40 68 931
40 69 925
40 70 447
40 71 251
40 72 924
40 73 868
40 74 391
40 75 601
40 76 326
40 77 468
40 78 637
40 79 881
40 80 216
40 81 485
40 82 994
40 83 158
40 84 796
40 85 675
40 86 926
40 87 992
40 88 672
40 89 910
40 90 408
40 91 925
40 92 126
40 93 70
40 94 846
40 95 535
40 96 604
40 97 645
40 98 711
40 99 824
41 1 381
41 2 86
41 3 454
41 4 580
41 5 561
41 6 69
41 7 633
41 8 598
41 9 972
41 10 400
41 11 600
41 12 761
41 13 258
41 14 981
41 15 123
41 16 463
41 17 674
41 18 720
41 19 812
41 20 830
41 21 258
41 22 983
41 23 754
41 24 684
41 25 538
41 26 423
41 27 995
41 28 609
41 29 930
41 30 110
41 31 914
41 32 866
41 33 211
41 34 132
41 35 158
41 36 220
41 37 591
41 38 294
41 39 357
41 40 220
41 42 994
41 43 329
41 44 647
41 45 748
41 46 975
41 47 442
41 48 982
41 49 455
41 50 953
41 51 540
41 52 338
41 53 371
41 54 587
41 55 199
41 56 150
41 57 420
41 58 139
41 59 416
41 60 714
41 61 251
41 62 550
41 63 794
41 64 348
41 65 697
41 66 835
41 67 543
41 68 767
41 69 657
41 70 922
41 71 76
41 72 119
41 73 979
41 74 447
41 75 106
41 76 497
41 77 435
41 78 812
41 79 492
41 80 248
41 81 186
41 82 667
41 83 795
41 84 807
41 85 511
41 86 323
41 87 728
41 88 92
41 89 895
41 90 739
41 91 913
41 92 669
41 93 940
41 94 713
41 95 919
41 96 690
41 97 648
41 98 835
41 99 258
42 1 112
42 2 680
42 3 905
42 4 879
42 5 457
42 6 313
42 7 493
42 8 182
42 9 503
42 10 377
42 11 426
42 12 465
42 13 301
42 14 102
42 15 776
42 16 833
42 17 224
42 18 248
42 19 249
42 20 106
42 21 809
42 22 997
42 23 654
42 24 153
42 25 276
42 26 783
42 27 916
42 28 78
42 29 297
42 30 806
42 31 389
42 32 832
42 33 666
42 34 95
42 35 831
42 36 212
42 37 239
42 38 79
42 39 240
42 40 749
42 41 994
